Date            Qsim    Qobs    Precipitation   Temperature     AET     PET     Snow    Snowcover       SM      Recharge        SUZ     SLZ     Q0      Q1      Q2      Qsim_rain       Qsim_snow
20160101        0.268   0.641   0.0             -1.5            0.00    1.10    2.0     1.00            162.7   0.0             0.0     1.0     0.000   0.000   0.268   0.251           0.017
20160102        0.370   0.620   0.0             -0.4            0.00    1.10    0.0     0.00            163.7   1.0             0.0     1.6     0.000   0.000   0.370   0.346           0.025
20160103        0.341   0.576   0.0             -2.0            1.00    1.00    0.0     0.00            162.7   0.0             0.0     1.3     0.000   0.000   0.341   0.318           0.023
20160104        0.273   0.540   0.0             -6.0            0.10    0.10    0.0     0.00            162.6   0.0             0.0     1.0     0.000   0.000   0.273   0.255           0.018
20160105        0.218   0.533   0.0             -0.9            0.90    0.90    0.0     0.00            161.7   0.0             0.0     0.8     0.000   0.000   0.218   0.204           0.015
20160106        0.212   0.540   0.5             2.0             0.20    0.20    0.0     0.00            161.8   0.2             0.0     0.9     0.000   0.000   0.212   0.197           0.014
20160107        0.749   0.584   7.4             4.3             0.00    0.00    0.0     0.00            165.5   3.7             0.0     3.6     0.000   0.000   0.749   0.697           0.052
20160108        0.764   0.598   0.0             1.0             0.00    0.00    0.0     0.00            165.5   0.0             0.0     2.9     0.000   0.000   0.764   0.711           0.053
20160109        0.611   0.526   0.0             -6.9            0.60    0.60    0.0     0.00            164.9   0.0             0.0     2.3     0.000   0.000   0.611   0.569           0.042
20160110        0.489   0.468   0.0             -10.8           0.60    0.60    0.0     0.00            164.3   0.0             0.0     1.9     0.000   0.000   0.489   0.455           0.034
20160111        0.391   0.490   0.0             0.7             0.80    0.80    0.0     0.00            163.5   0.0             0.0     1.5     0.000   0.000   0.391   0.364           0.027
20160112        0.313   0.468   0.0             -3.2            0.90    0.90    0.0     0.00            162.6   0.0             0.0     1.2     0.000   0.000   0.313   0.291           0.022
20160113        0.250   0.476   0.0             3.4             1.10    1.10    0.0     0.00            161.5   0.0             0.0     0.9     0.000   0.000   0.250   0.233           0.017
20160114        0.200   0.504   0.0             7.0             1.60    1.60    0.0     0.00            159.9   0.0             0.0     0.8     0.000   0.000   0.200   0.186           0.014
20160115        0.160   0.476   0.0             -1.0            0.70    0.70    0.0     0.00            159.2   0.0             0.0     0.6     0.000   0.000   0.160   0.149           0.011
20160116        0.128   0.432   0.0             -3.9            1.10    1.10    0.0     0.00            158.1   0.0             0.0     0.5     0.000   0.000   0.128   0.119           0.009
20160117        0.103   0.382   0.0             -12.5           0.40    0.40    0.0     0.00            157.7   0.0             0.0     0.4     0.000   0.000   0.103   0.095           0.007
20160118        0.082   0.375   0.0             -8.2            0.80    0.80    0.0     0.00            156.9   0.0             0.0     0.3     0.000   0.000   0.082   0.076           0.006
20160119        0.066   0.382   0.5             -4.8            0.00    0.00    0.5     1.00            156.9   0.0             0.0     0.2     0.000   0.000   0.066   0.061           0.005
20160120        0.052   0.396   2.5             -3.1            0.00    0.30    3.0     1.00            156.9   0.0             0.0     0.2     0.000   0.000   0.052   0.049           0.004
20160121        0.042   0.382   2.8             -3.6            0.00    0.50    5.8     1.00            156.9   0.0             0.0     0.2     0.000   0.000   0.042   0.039           0.003
20160122        0.034   0.360   0.0             -4.3            0.00    0.10    5.8     1.00            156.9   0.0             0.0     0.1     0.000   0.000   0.034   0.031           0.002
20160123        0.027   0.360   0.0             -3.4            0.00    0.50    5.8     1.00            156.9   0.0             0.0     0.1     0.000   0.000   0.027   0.025           0.002
20160124        0.420   0.375   0.0             1.5             0.00    1.10    0.0     0.00            160.2   2.6             0.0     2.1     0.000   0.000   0.420   0.378           0.042
20160125        0.452   0.360   0.0             -0.3            0.20    0.20    0.0     0.00            160.0   0.0             0.0     1.7     0.000   0.000   0.452   0.406           0.046
20160126        0.361   0.317   0.0             -0.5            1.30    1.30    0.0     0.00            158.7   0.0             0.0     1.4     0.000   0.000   0.361   0.325           0.036
20160127        0.289   0.310   0.0             3.1             1.40    1.40    0.0     0.00            157.3   0.0             0.0     1.1     0.000   0.000   0.289   0.260           0.029
20160128        0.231   0.303   0.0             3.9             1.70    1.70    0.0     0.00            155.6   0.0             0.0     0.9     0.000   0.000   0.231   0.208           0.023
20160129        0.185   0.303   0.0             7.8             1.80    1.80    0.0     0.00            153.8   0.0             0.0     0.7     0.000   0.000   0.185   0.166           0.019
20160130        0.148   0.295   0.0             5.8             1.30    1.30    0.0     0.00            152.5   0.0             0.0     0.6     0.000   0.000   0.148   0.133           0.015
20160131        0.118   0.267   0.0             5.8             1.30    1.30    0.0     0.00            151.2   0.0             0.0     0.4     0.000   0.000   0.118   0.106           0.012
20160201        0.183   0.252   1.5             5.0             0.60    0.60    0.0     0.00            151.5   0.6             0.0     0.8     0.000   0.000   0.183   0.164           0.019
20160202        0.794   0.418   9.9             3.5             1.00    1.00    0.0     0.00            156.4   4.0             0.0     3.9     0.000   0.002   0.792   0.718           0.077
20160203        0.815   0.382   0.0             -2.7            1.30    1.30    0.0     0.00            155.1   0.0             0.0     3.1     0.000   0.001   0.814   0.736           0.078
20160204        0.651   0.353   0.0             -2.7            1.50    1.50    0.0     0.00            153.6   0.0             0.0     2.5     0.000   0.000   0.651   0.589           0.063
20160205        0.521   0.360   0.0             -1.0            0.90    0.90    0.0     0.00            152.7   0.0             0.0     2.0     0.000   0.000   0.521   0.471           0.050
20160206        0.417   0.367   0.0             1.8             1.60    1.60    0.0     0.00            151.1   0.0             0.0     1.6     0.000   0.000   0.417   0.377           0.040
20160207        0.334   0.389   0.0             5.6             1.70    1.70    0.0     0.00            149.4   0.0             0.0     1.3     0.000   0.000   0.334   0.301           0.032
20160208        0.267   0.382   0.0             1.5             1.80    1.80    0.0     0.00            147.6   0.0             0.0     1.0     0.000   0.000   0.267   0.241           0.026
20160209        0.213   0.360   0.0             -3.0            1.40    1.40    0.0     0.00            146.2   0.0             0.0     0.8     0.000   0.000   0.213   0.193           0.021
20160210        0.171   0.367   0.0             3.8             1.90    1.90    0.0     0.00            144.3   0.0             0.0     0.6     0.000   0.000   0.171   0.154           0.016
20160211        0.137   0.360   0.0             -0.5            1.10    1.10    0.0     0.00            143.2   0.0             0.0     0.5     0.000   0.000   0.137   0.123           0.013
20160212        0.109   0.346   0.0             -1.5            0.70    0.70    0.0     0.00            142.5   0.0             0.0     0.4     0.000   0.000   0.109   0.099           0.011
20160213        0.087   0.339   0.0             -5.4            0.60    0.60    0.0     0.00            141.9   0.0             0.0     0.3     0.000   0.000   0.087   0.079           0.008
20160214        0.070   0.346   0.0             1.3             1.80    1.80    0.0     0.00            140.1   0.0             0.0     0.3     0.000   0.000   0.070   0.063           0.007
20160215        0.056   0.353   0.0             6.9             2.00    2.00    0.0     0.00            138.1   0.0             0.0     0.2     0.000   0.000   0.056   0.051           0.005
20160216        0.079   0.339   0.8             6.0             2.10    2.10    0.0     0.00            136.6   0.2             0.0     0.3     0.000   0.000   0.079   0.071           0.008
20160217        0.073   0.317   0.0             9.2             2.30    2.30    0.0     0.00            134.3   0.0             0.0     0.3     0.000   0.000   0.073   0.066           0.007
20160218        0.058   0.331   0.0             17.1            4.10    4.10    0.0     0.00            130.2   0.0             0.0     0.2     0.000   0.000   0.058   0.053           0.006
20160219        0.047   0.295   0.0             16.6            3.55    3.60    0.0     0.00            126.6   0.0             0.0     0.2     0.000   0.000   0.047   0.042           0.004
20160220        0.037   0.274   0.0             13.2            2.88    3.00    0.0     0.00            123.7   0.0             0.0     0.1     0.000   0.000   0.037   0.034           0.004
20160221        0.030   0.259   0.0             6.1             1.97    2.10    0.0     0.00            121.8   0.0             0.0     0.1     0.000   0.000   0.030   0.027           0.003
20160222        0.024   0.245   0.0             5.6             1.85    2.00    0.0     0.00            119.9   0.0             0.0     0.1     0.000   0.000   0.024   0.022           0.002
20160223        0.019   0.245   0.0             5.6             1.18    1.30    0.0     0.00            118.7   0.0             0.0     0.1     0.000   0.000   0.019   0.017           0.002
20160224        0.015   0.231   0.0             3.1             1.80    2.00    0.0     0.00            116.9   0.0             0.0     0.1     0.000   0.000   0.015   0.014           0.001
20160225        0.012   0.216   0.0             -0.4            0.62    0.70    0.0     0.00            116.3   0.0             0.0     0.0     0.000   0.000   0.012   0.011           0.001
20160226        0.010   0.202   0.0             2.9             2.29    2.60    0.0     0.00            114.0   0.0             0.0     0.0     0.000   0.000   0.010   0.009           0.001
20160227        0.008   0.202   0.0             11.4            3.20    3.70    0.0     0.00            110.8   0.0             0.0     0.0     0.000   0.000   0.008   0.007           0.001
20160228        0.006   0.195   0.0             12.5            3.02    3.60    0.0     0.00            107.8   0.0             0.0     0.0     0.000   0.000   0.006   0.006           0.001
20160229        0.005   0.180   0.0             11.2            2.78    3.40    0.0     0.00            105.0   0.0             0.0     0.0     0.000   0.000   0.005   0.005           0.000
20160301        0.004   0.173   0.0             1.4             1.43    1.80    0.0     0.00            103.6   0.0             0.0     0.0     0.000   0.000   0.004   0.004           0.000
20160302        0.003   0.173   0.0             9.1             1.81    2.30    0.0     0.00            101.8   0.0             0.0     0.0     0.000   0.000   0.003   0.003           0.000
20160303        0.030   0.166   1.8             7.4             2.25    2.90    0.0     0.00            101.2   0.2             0.0     0.1     0.000   0.000   0.030   0.027           0.003
20160304        0.031   0.159   0.0             9.8             2.07    2.70    0.0     0.00            99.1    0.0             0.0     0.1     0.000   0.000   0.031   0.029           0.003
20160305        0.025   0.144   0.0             9.5             2.40    3.20    0.0     0.00            96.7    0.0             0.0     0.1     0.000   0.000   0.025   0.023           0.002
20160306        0.020   0.151   0.0             16.9            2.34    3.20    0.0     0.00            94.4    0.0             0.0     0.1     0.000   0.000   0.020   0.018           0.002
20160307        0.020   0.151   0.3             20.2            2.79    3.90    0.0     0.00            91.8    0.0             0.0     0.1     0.000   0.000   0.020   0.018           0.002
20160308        0.041   0.137   2.3             13.9            0.92    1.30    0.0     0.00            93.1    0.2             0.0     0.2     0.000   0.000   0.041   0.037           0.004
20160309        0.040   0.130   0.0             9.8             1.48    2.10    0.0     0.00            91.6    0.0             0.0     0.2     0.000   0.000   0.040   0.036           0.004
20160310        0.032   0.122   0.0             11.2            2.15    3.10    0.0     0.00            89.4    0.0             0.0     0.1     0.000   0.000   0.032   0.029           0.003
20160311        0.025   0.115   0.0             13.5            2.17    3.20    0.0     0.00            87.3    0.0             0.0     0.1     0.000   0.000   0.025   0.023           0.002
20160312        0.029   0.122   1.0             12.4            0.53    0.80    0.0     0.00            87.7    0.1             0.0     0.1     0.000   0.000   0.029   0.026           0.003
20160313        0.026   0.122   0.0             14.8            0.93    1.40    0.0     0.00            86.8    0.0             0.0     0.1     0.000   0.000   0.026   0.023           0.002
20160314        0.023   0.122   0.3             17.6            2.63    4.00    0.0     0.00            84.4    0.0             0.0     0.1     0.000   0.000   0.023   0.021           0.002
20160315        0.019   0.130   0.0             13.1            1.79    2.80    0.0     0.00            82.6    0.0             0.0     0.1     0.000   0.000   0.019   0.018           0.002
20160316        0.015   0.115   0.0             8.5             1.82    2.90    0.0     0.00            80.8    0.0             0.0     0.1     0.000   0.000   0.015   0.014           0.001
20160317        0.012   0.108   0.0             8.4             1.84    3.00    0.0     0.00            79.0    0.0             0.0     0.0     0.000   0.000   0.012   0.011           0.001
20160318        0.022   0.108   2.0             4.5             1.21    2.00    0.0     0.00            79.7    0.1             0.0     0.1     0.000   0.000   0.022   0.020           0.002
20160319        0.021   0.108   0.0             0.9             0.91    1.50    0.0     0.00            78.8    0.0             0.0     0.1     0.000   0.000   0.021   0.020           0.002
20160320        0.017   0.101   0.0             2.9             1.61    2.70    0.0     0.00            77.2    0.0             0.0     0.1     0.000   0.000   0.017   0.016           0.002
20160321        0.014   0.108   0.0             11.5            2.40    4.10    0.0     0.00            74.8    0.0             0.0     0.1     0.000   0.000   0.014   0.013           0.001
20160322        0.011   0.108   0.0             18.0            2.38    4.20    0.0     0.00            72.4    0.0             0.0     0.0     0.000   0.000   0.011   0.010           0.001
20160323        0.011   0.094   0.5             18.6            2.64    4.80    0.0     0.00            70.2    0.0             0.0     0.0     0.000   0.000   0.011   0.010           0.001
20160324        0.015   0.101   1.3             3.4             1.45    2.70    0.0     0.00            70.0    0.0             0.0     0.1     0.000   0.000   0.015   0.014           0.001
20160325        0.013   0.094   0.0             7.3             1.59    3.00    0.0     0.00            68.4    0.0             0.0     0.1     0.000   0.000   0.013   0.012           0.001
20160326        0.034   0.108   5.6             7.2             0.43    0.80    0.0     0.00            73.5    0.2             0.0     0.2     0.000   0.000   0.034   0.031           0.003
20160327        0.034   0.094   0.0             6.1             1.61    2.90    0.0     0.00            71.9    0.0             0.0     0.1     0.000   0.000   0.034   0.031           0.003
20160328        0.027   0.094   0.0             11.9            2.23    4.10    0.0     0.00            69.6    0.0             0.0     0.1     0.000   0.000   0.027   0.025           0.002
20160329        0.022   0.094   0.0             14.5            1.32    2.50    0.0     0.00            68.3    0.0             0.0     0.1     0.000   0.000   0.022   0.020           0.002
20160330        0.020   0.086   0.8             19.6            2.13    4.10    0.0     0.00            66.9    0.0             0.0     0.1     0.000   0.000   0.020   0.019           0.002
20160331        0.020   0.086   0.8             10.3            1.38    2.70    0.0     0.00            66.4    0.0             0.0     0.1     0.000   0.000   0.020   0.018           0.002
20160401        0.017   0.086   0.0             5.9             1.66    3.30    0.0     0.00            64.7    0.0             0.0     0.1     0.000   0.000   0.017   0.015           0.001
20160402        0.013   0.079   0.0             9.8             1.86    3.80    0.0     0.00            62.8    0.0             0.0     0.1     0.000   0.000   0.013   0.012           0.001
20160403        0.011   0.072   0.0             18.8            2.62    5.50    0.0     0.00            60.2    0.0             0.0     0.0     0.000   0.000   0.011   0.010           0.001
20160404        0.009   0.065   0.0             15.0            2.01    4.40    0.0     0.00            58.2    0.0             0.0     0.0     0.000   0.000   0.009   0.008           0.001
20160405        0.009   0.065   0.8             18.4            2.04    4.60    0.0     0.00            57.0    0.0             0.0     0.0     0.000   0.000   0.009   0.008           0.001
20160406        0.015   0.072   3.8             13.5            1.96    4.40    0.0     0.00            58.7    0.1             0.0     0.1     0.000   0.000   0.015   0.014           0.001
20160407        0.015   0.065   0.3             13.6            2.14    4.80    0.0     0.00            56.9    0.0             0.0     0.1     0.000   0.000   0.015   0.014           0.001
20160408        0.012   0.065   0.0             10.1            1.98    4.60    0.0     0.00            54.9    0.0             0.0     0.0     0.000   0.000   0.012   0.012           0.001
20160409        0.010   0.065   0.0             11.4            1.71    4.10    0.0     0.00            53.2    0.0             0.0     0.0     0.000   0.000   0.010   0.009           0.001
20160410        0.009   0.065   0.8             17.6            1.66    4.10    0.0     0.00            52.3    0.0             0.0     0.0     0.000   0.000   0.009   0.009           0.001
20160411        0.008   0.050   0.0             10.8            1.43    3.60    0.0     0.00            50.9    0.0             0.0     0.0     0.000   0.000   0.008   0.007           0.001
20160412        0.006   0.058   0.0             11.0            1.50    3.90    0.0     0.00            49.4    0.0             0.0     0.0     0.000   0.000   0.006   0.006           0.000
20160413        0.005   0.043   0.0             15.9            1.80    4.80    0.0     0.00            47.6    0.0             0.0     0.0     0.000   0.000   0.005   0.005           0.000
20160414        0.004   0.036   0.5             16.1            1.89    5.20    0.0     0.00            46.2    0.0             0.0     0.0     0.000   0.000   0.004   0.004           0.000
20160415        0.004   0.036   0.8             18.2            1.66    4.70    0.0     0.00            45.4    0.0             0.0     0.0     0.000   0.000   0.004   0.004           0.000
20160416        0.005   0.036   1.3             18.5            1.46    4.20    0.0     0.00            45.2    0.0             0.0     0.0     0.000   0.000   0.005   0.005           0.000
20160417        0.015   0.043   9.1             16.6            0.68    1.80    0.0     0.00            53.5    0.1             0.0     0.1     0.000   0.000   0.015   0.014           0.001
20160418        0.056   0.079   16.0            14.2            0.65    1.40    0.0     0.00            68.6    0.3             0.0     0.3     0.000   0.000   0.056   0.053           0.003
20160419        0.056   0.072   0.0             15.2            1.72    3.30    0.0     0.00            66.9    0.0             0.0     0.2     0.000   0.000   0.056   0.054           0.003
20160420        0.248   0.915   29.5            13.5            2.27    3.70    0.0     0.00            92.8    1.3             0.0     1.2     0.000   0.000   0.248   0.240           0.008
20160421        0.257   0.865   0.0             14.8            2.39    3.40    0.0     0.00            90.4    0.0             0.0     1.0     0.000   0.000   0.257   0.249           0.008
20160422        0.206   0.749   0.0             15.2            2.67    3.90    0.0     0.00            87.8    0.0             0.0     0.8     0.000   0.000   0.206   0.199           0.006
20160423        0.164   0.713   0.0             20.0            3.86    5.80    0.0     0.00            83.9    0.0             0.0     0.6     0.000   0.000   0.164   0.159           0.005
20160424        0.922   6.283   43.2            14.9            4.61    5.90    0.0     0.00            117.9   4.5             0.3     3.7     0.000   0.170   0.752   0.903           0.019
20160425        0.882   4.258   0.0             19.6            4.91    5.50    0.0     0.00            113.0   0.0             0.0     3.2     0.000   0.049   0.832   0.863           0.018
20160426        15.309  31.882  74.4            15.9            4.40    4.40    0.0     0.00            160.1   23.0            0.9     5.8     8.125   5.882   1.301   15.125          0.184
20160427        6.030   13.747  7.4             13.3            3.50    3.50    0.0     0.00            160.4   3.5             0.3     7.8     2.351   1.838   1.841   5.956           0.075
20160428        1.732   5.180   0.0             10.2            3.70    3.70    0.0     0.00            156.7   0.0             0.0     6.5     0.000   0.039   1.693   1.709           0.024
20160429        2.602   5.238   12.4            9.1             0.90    0.90    0.0     0.00            162.5   5.7             0.9     8.4     0.090   0.525   1.987   2.571           0.031
20160430        2.456   5.872   4.8             12.2            2.90    2.90    0.0     0.00            162.1   2.4             0.0     9.3     0.026   0.152   2.278   2.427           0.029
20160501        1.970   4.496   0.0             9.7             1.10    1.10    0.0     0.00            161.0   0.0             0.0     7.5     0.000   0.000   1.970   1.946           0.023
20160502        1.576   3.977   0.0             11.8            2.20    2.20    0.0     0.00            158.8   0.0             0.0     6.0     0.000   0.000   1.576   1.557           0.019
20160503        1.261   3.538   0.0             14.7            4.70    4.70    0.0     0.00            154.1   0.0             0.0     4.8     0.000   0.000   1.261   1.246           0.015
20160504        1.008   3.141   0.0             15.5            5.30    5.30    0.0     0.00            148.8   0.0             0.0     3.8     0.000   0.000   1.008   0.997           0.012
20160505        0.807   6.492   0.0             16.4            5.30    5.30    0.0     0.00            143.5   0.0             0.0     3.1     0.000   0.000   0.807   0.797           0.009
20160506        0.645   2.543   0.0             20.6            5.80    5.80    0.0     0.00            137.7   0.0             0.0     2.4     0.000   0.000   0.645   0.638           0.008
20160507        0.516   2.313   0.0             22.8            5.80    5.80    0.0     0.00            131.9   0.0             0.0     2.0     0.000   0.000   0.516   0.510           0.006
20160508        0.431   2.198   0.5             19.2            3.30    3.30    0.0     0.00            128.9   0.1             0.0     1.7     0.000   0.000   0.431   0.426           0.005
20160509        0.411   2.032   1.8             19.7            3.93    4.00    0.0     0.00            126.4   0.4             0.0     1.6     0.000   0.000   0.411   0.407           0.005
20160510        0.347   1.794   0.0             21.1            5.55    5.80    0.0     0.00            120.9   0.0             0.0     1.3     0.000   0.000   0.347   0.343           0.004
20160511        0.377   1.715   3.6             17.7            2.50    2.70    0.0     0.00            121.3   0.6             0.0     1.6     0.000   0.000   0.377   0.373           0.004
20160512        0.331   1.491   0.0             16.7            4.96    5.40    0.0     0.00            116.4   0.0             0.0     1.3     0.000   0.000   0.331   0.327           0.004
20160513        0.265   1.355   0.0             17.3            4.32    4.90    0.0     0.00            112.0   0.0             0.0     1.0     0.000   0.000   0.265   0.262           0.003
20160514        0.212   1.218   0.0             10.2            3.99    4.70    0.0     0.00            108.0   0.0             0.0     0.8     0.000   0.000   0.212   0.209           0.002
20160515        0.188   1.153   1.0             11.9            2.38    2.90    0.0     0.00            106.5   0.1             0.0     0.7     0.000   0.000   0.188   0.186           0.002
20160516        0.392   1.218   11.7            10.6            0.42    0.50    0.0     0.00            116.3   1.5             0.0     1.8     0.000   0.000   0.392   0.388           0.004
20160517        0.405   1.124   1.0             12.4            3.18    3.60    0.0     0.00            114.0   0.2             0.0     1.6     0.000   0.000   0.405   0.402           0.004
20160518        0.331   0.994   0.0             13.9            3.45    4.00    0.0     0.00            110.5   0.0             0.0     1.3     0.000   0.000   0.331   0.328           0.003
20160519        0.291   0.929   1.3             13.8            2.27    2.70    0.0     0.00            109.4   0.2             0.0     1.1     0.000   0.000   0.291   0.288           0.003
20160520        0.255   0.886   0.8             14.7            1.50    1.80    0.0     0.00            108.6   0.1             0.0     1.0     0.000   0.000   0.255   0.253           0.002
20160521        0.208   0.800   0.0             17.2            2.71    3.30    0.0     0.00            105.9   0.0             0.0     0.8     0.000   0.000   0.208   0.207           0.002
20160522        0.167   0.720   0.0             22.1            4.49    5.60    0.0     0.00            101.4   0.0             0.0     0.6     0.000   0.000   0.167   0.165           0.001
20160523        0.168   0.699   2.3             20.7            2.48    3.20    0.0     0.00            101.0   0.2             0.0     0.7     0.000   0.000   0.168   0.166           0.001
20160524        0.629   0.929   23.9            21.6            4.64    5.50    0.0     0.00            117.1   3.1             0.0     3.0     0.000   0.000   0.629   0.625           0.004
20160525        4.051   3.739   36.3            21.0            3.37    3.40    0.0     0.00            141.5   8.5             0.9     5.6     1.393   1.394   1.264   4.029           0.021
20160526        16.831  15.354  51.3            20.2            3.30    3.30    0.0     0.00            167.2   22.3            0.9     7.7     8.652   6.368   1.811   16.765          0.066
20160527        12.961  15.361  21.3            17.9            3.30    3.30    0.0     0.00            172.7   12.5            0.9     9.4     6.067   4.645   2.249   12.914          0.047
20160528        4.291   6.542   2.8             19.2            5.00    5.00    0.0     0.00            168.8   1.7             0.0     9.6     1.065   0.845   2.381   4.274           0.016
20160529        2.021   4.698   0.0             21.8            4.50    4.50    0.0     0.00            164.3   0.0             0.0     7.7     0.000   0.000   2.021   2.013           0.008
20160530        1.617   7.508   0.0             22.9            6.00    6.00    0.0     0.00            158.3   0.0             0.0     6.1     0.000   0.000   1.617   1.610           0.007
20160531        1.294   3.422   0.0             20.5            4.40    4.40    0.0     0.00            153.9   0.0             0.0     4.9     0.000   0.000   1.294   1.288           0.005
20160601        1.035   2.997   0.0             20.1            5.30    5.30    0.0     0.00            148.6   0.0             0.0     3.9     0.000   0.000   1.035   1.031           0.004
20160602        0.828   2.659   0.0             21.2            5.30    5.30    0.0     0.00            143.3   0.0             0.0     3.1     0.000   0.000   0.828   0.824           0.003
20160603        0.662   2.392   0.0             22.8            5.80    5.80    0.0     0.00            137.5   0.0             0.0     2.5     0.000   0.000   0.662   0.660           0.003
20160604        0.685   2.190   3.6             23.8            5.70    5.70    0.0     0.00            134.4   1.0             0.0     2.8     0.000   0.000   0.685   0.683           0.003
20160605        0.593   1.938   0.0             21.2            6.00    6.00    0.0     0.00            128.4   0.0             0.0     2.2     0.000   0.000   0.593   0.591           0.002
20160606        0.475   1.736   0.0             23.7            5.64    5.80    0.0     0.00            122.8   0.0             0.0     1.8     0.000   0.000   0.475   0.473           0.002
20160607        0.380   1.549   0.0             21.2            5.49    5.90    0.0     0.00            117.3   0.0             0.0     1.4     0.000   0.000   0.380   0.378           0.001
20160608        0.304   1.383   0.0             26.2            5.60    6.30    0.0     0.00            111.7   0.0             0.0     1.2     0.000   0.000   0.304   0.303           0.001
20160609        0.243   1.210   0.0             27.8            5.84    6.90    0.0     0.00            105.8   0.0             0.0     0.9     0.000   0.000   0.243   0.242           0.001
20160610        0.194   1.088   0.0             28.4            5.37    6.70    0.0     0.00            100.5   0.0             0.0     0.7     0.000   0.000   0.194   0.194           0.001
20160611        0.155   0.965   0.0             28.5            4.95    6.50    0.0     0.00            95.5    0.0             0.0     0.6     0.000   0.000   0.155   0.155           0.001
20160612        0.124   0.865   0.0             27.8            4.85    6.70    0.0     0.00            90.7    0.0             0.0     0.5     0.000   0.000   0.124   0.124           0.000
20160613        0.100   0.807   0.0             26.5            3.78    5.50    0.0     0.00            86.9    0.0             0.0     0.4     0.000   0.000   0.100   0.099           0.000
20160614        0.112   0.742   3.6             27.4            4.30    6.40    0.0     0.00            86.0    0.2             0.0     0.5     0.000   0.000   0.112   0.111           0.000
20160615        0.099   0.656   0.0             30.2            4.43    6.80    0.0     0.00            81.6    0.0             0.0     0.4     0.000   0.000   0.099   0.099           0.000
20160616        0.079   0.555   0.0             29.4            4.08    6.60    0.0     0.00            77.5    0.0             0.0     0.3     0.000   0.000   0.079   0.079           0.000
20160617        0.063   0.497   0.0             30.5            3.87    6.60    0.0     0.00            73.6    0.0             0.0     0.2     0.000   0.000   0.063   0.063           0.000
20160618        0.100   0.512   8.6             26.3            3.00    5.10    0.0     0.00            78.9    0.3             0.0     0.4     0.000   0.000   0.100   0.099           0.000
20160619        0.094   0.418   0.0             28.0            3.77    6.30    0.0     0.00            75.1    0.0             0.0     0.4     0.000   0.000   0.094   0.094           0.000
20160620        0.075   0.353   0.0             29.6            3.76    6.60    0.0     0.00            71.4    0.0             0.0     0.3     0.000   0.000   0.075   0.075           0.000
20160621        0.060   0.303   0.0             30.0            3.68    6.80    0.0     0.00            67.7    0.0             0.0     0.2     0.000   0.000   0.060   0.060           0.000
20160622        0.048   0.252   0.0             31.2            3.64    7.10    0.0     0.00            64.1    0.0             0.0     0.2     0.000   0.000   0.048   0.048           0.000
20160623        0.038   0.223   0.0             26.4            2.09    4.30    0.0     0.00            62.0    0.0             0.0     0.1     0.000   0.000   0.038   0.038           0.000
20160624        0.032   0.238   0.3             25.5            1.41    3.00    0.0     0.00            60.8    0.0             0.0     0.1     0.000   0.000   0.032   0.031           0.000
20160625        0.025   0.209   0.0             29.6            2.95    6.40    0.0     0.00            57.9    0.0             0.0     0.1     0.000   0.000   0.025   0.025           0.000
20160626        0.020   0.180   0.0             23.2            1.71    3.90    0.0     0.00            56.2    0.0             0.0     0.1     0.000   0.000   0.020   0.020           0.000
20160627        0.016   0.166   0.0             26.7            2.68    6.30    0.0     0.00            53.5    0.0             0.0     0.1     0.000   0.000   0.016   0.016           0.000
20160628        0.059   0.187   17.5            24.7            2.54    5.40    0.0     0.00            68.2    0.3             0.0     0.3     0.000   0.000   0.059   0.059           0.000
20160629        0.061   0.166   0.0             25.4            2.63    5.10    0.0     0.00            65.5    0.0             0.0     0.2     0.000   0.000   0.061   0.061           0.000
20160630        0.049   0.151   0.0             26.3            2.68    5.40    0.0     0.00            62.9    0.0             0.0     0.2     0.000   0.000   0.049   0.049           0.000
20160701        0.039   0.137   0.0             23.7            2.00    4.20    0.0     0.00            60.9    0.0             0.0     0.1     0.000   0.000   0.039   0.039           0.000
20160702        0.236   0.259   34.3            21.5            1.52    2.60    0.0     0.00            92.3    1.3             0.0     1.2     0.000   0.000   0.236   0.236           0.000
20160703        0.325   0.310   6.6             19.2            1.59    2.20    0.0     0.00            96.8    0.5             0.0     1.3     0.000   0.000   0.325   0.324           0.000
20160704        0.282   0.245   0.0             23.5            3.15    4.30    0.0     0.00            93.7    0.0             0.0     1.1     0.000   0.000   0.282   0.282           0.000
20160705        0.226   0.187   0.0             30.0            4.90    6.90    0.0     0.00            88.8    0.0             0.0     0.9     0.000   0.000   0.226   0.225           0.000
20160706        0.181   0.151   0.0             29.2            4.64    6.90    0.0     0.00            84.1    0.0             0.0     0.7     0.000   0.000   0.181   0.180           0.000
20160707        0.226   0.151   9.1             27.0            4.15    6.20    0.0     0.00            88.6    0.5             0.0     1.0     0.000   0.000   0.226   0.225           0.000
20160708        0.204   0.122   0.0             27.1            3.69    5.50    0.0     0.00            84.9    0.0             0.0     0.8     0.000   0.000   0.204   0.204           0.000
20160709        0.163   0.108   0.0             28.1            3.47    5.40    0.0     0.00            81.4    0.0             0.0     0.6     0.000   0.000   0.163   0.163           0.000
20160710        0.131   0.086   0.0             28.7            4.32    7.00    0.0     0.00            77.1    0.0             0.0     0.5     0.000   0.000   0.131   0.130           0.000
20160711        0.104   0.058   0.0             29.5            3.97    6.80    0.0     0.00            73.1    0.0             0.0     0.4     0.000   0.000   0.104   0.104           0.000
20160712        0.258   0.122   22.9            24.4            2.29    3.60    0.0     0.00            92.6    1.1             0.0     1.2     0.000   0.000   0.258   0.258           0.000
20160713        0.400   0.159   11.2            25.3            3.11    4.20    0.0     0.00            99.8    0.9             0.0     1.7     0.000   0.000   0.400   0.399           0.000
20160714        0.361   0.166   0.0             24.4            2.42    3.20    0.0     0.00            97.3    0.0             0.0     1.4     0.000   0.000   0.361   0.360           0.000
20160715        0.289   0.137   0.0             22.9            3.54    4.80    0.0     0.00            93.8    0.0             0.0     1.1     0.000   0.000   0.289   0.288           0.000
20160716        0.231   0.108   0.0             26.1            4.12    5.80    0.0     0.00            89.7    0.0             0.0     0.9     0.000   0.000   0.231   0.231           0.000
20160717        0.185   0.065   0.0             29.3            4.48    6.60    0.0     0.00            85.2    0.0             0.0     0.7     0.000   0.000   0.185   0.185           0.000
20160718        0.148   0.029   0.0             29.4            4.26    6.60    0.0     0.00            80.9    0.0             0.0     0.6     0.000   0.000   0.148   0.148           0.000
20160719        0.118   0.000   0.0             29.6            3.92    6.40    0.0     0.00            77.0    0.0             0.0     0.4     0.000   0.000   0.118   0.118           0.000
20160720        0.095   0.000   0.0             30.9            4.08    7.00    0.0     0.00            72.9    0.0             0.0     0.4     0.000   0.000   0.095   0.094           0.000
20160721        0.076   0.000   0.0             31.9            3.87    7.00    0.0     0.00            69.1    0.0             0.0     0.3     0.000   0.000   0.076   0.076           0.000
20160722        0.061   0.000   0.0             32.2            3.30    6.30    0.0     0.00            65.8    0.0             0.0     0.2     0.000   0.000   0.061   0.060           0.000
20160723        0.048   0.000   0.0             31.4            2.64    5.30    0.0     0.00            63.1    0.0             0.0     0.2     0.000   0.000   0.048   0.048           0.000
20160724        0.041   0.000   0.8             27.8            2.02    4.20    0.0     0.00            61.9    0.0             0.0     0.2     0.000   0.000   0.041   0.041           0.000
20160725        0.116   0.058   19.3            23.3            1.78    3.30    0.0     0.00            78.9    0.5             0.0     0.6     0.000   0.000   0.116   0.116           0.000
20160726        0.117   0.000   0.0             24.7            3.41    5.70    0.0     0.00            75.5    0.0             0.0     0.4     0.000   0.000   0.117   0.117           0.000
20160727        0.094   0.000   0.0             26.0            2.69    4.70    0.0     0.00            72.8    0.0             0.0     0.4     0.000   0.000   0.094   0.094           0.000
20160728        0.179   0.086   16.0            25.3            3.41    5.60    0.0     0.00            84.7    0.7             0.0     0.8     0.000   0.000   0.179   0.178           0.000
20160729        0.173   0.144   0.0             23.4            2.82    4.40    0.0     0.00            81.9    0.0             0.0     0.7     0.000   0.000   0.173   0.173           0.000
20160730        0.138   0.072   0.0             24.1            3.23    5.20    0.0     0.00            78.7    0.0             0.0     0.5     0.000   0.000   0.138   0.138           0.000
20160731        0.172   0.000   8.6             26.1            3.20    5.10    0.0     0.00            83.7    0.4             0.0     0.7     0.000   0.000   0.172   0.171           0.000
20160801        0.155   0.000   0.0             28.3            3.87    6.10    0.0     0.00            79.8    0.0             0.0     0.6     0.000   0.000   0.155   0.155           0.000
20160802        0.124   0.000   0.0             27.2            2.24    3.70    0.0     0.00            77.6    0.0             0.0     0.5     0.000   0.000   0.124   0.124           0.000
20160803        0.101   0.000   0.3             29.1            3.00    5.10    0.0     0.00            74.8    0.0             0.0     0.4     0.000   0.000   0.101   0.101           0.000
20160804        0.083   0.000   0.3             30.4            3.30    5.80    0.0     0.00            71.8    0.0             0.0     0.3     0.000   0.000   0.083   0.083           0.000
20160805        0.199   0.000   19.6            22.3            0.86    1.40    0.0     0.00            89.7    0.9             0.0     0.9     0.000   0.000   0.199   0.199           0.000
20160806        0.197   0.000   0.0             22.5            1.70    2.50    0.0     0.00            88.0    0.0             0.0     0.7     0.000   0.000   0.197   0.197           0.000
20160807        0.490   0.122   24.4            21.3            1.73    2.30    0.0     0.00            108.6   2.1             0.0     2.3     0.000   0.000   0.490   0.489           0.000
20160808        0.488   0.101   0.0             23.4            2.30    2.80    0.0     0.00            106.3   0.0             0.0     1.8     0.000   0.000   0.488   0.488           0.000
20160809        0.390   0.029   0.0             28.3            4.59    5.70    0.0     0.00            101.7   0.0             0.0     1.5     0.000   0.000   0.390   0.390           0.000
20160810        0.312   0.000   0.0             29.2            4.85    6.30    0.0     0.00            96.8    0.0             0.0     1.2     0.000   0.000   0.312   0.312           0.000
20160811        0.519   0.014   16.8            22.1            5.22    6.60    0.0     0.00            106.7   1.7             0.0     2.3     0.000   0.000   0.519   0.519           0.000
20160812        0.786   0.079   14.0            24.4            3.33    3.90    0.0     0.00            115.4   1.9             0.0     3.4     0.000   0.000   0.786   0.786           0.000
20160813        0.714   0.036   0.0             24.1            4.90    5.60    0.0     0.00            110.5   0.0             0.0     2.7     0.000   0.000   0.714   0.714           0.000
20160814        0.571   0.000   0.0             23.8            3.94    4.70    0.0     0.00            106.6   0.0             0.0     2.2     0.000   0.000   0.571   0.571           0.000
20160815        0.457   0.000   0.0             22.9            2.42    3.00    0.0     0.00            104.2   0.0             0.0     1.7     0.000   0.000   0.457   0.457           0.000
20160816        0.366   0.000   0.0             25.9            5.13    6.50    0.0     0.00            99.1    0.0             0.0     1.4     0.000   0.000   0.366   0.365           0.000
20160817        0.292   0.000   0.0             27.3            5.03    6.70    0.0     0.00            94.0    0.0             0.0     1.1     0.000   0.000   0.292   0.292           0.000
20160818        0.234   0.000   0.0             26.9            4.63    6.50    0.0     0.00            89.4    0.0             0.0     0.9     0.000   0.000   0.234   0.234           0.000
20160819        0.837   0.058   36.6            24.2            4.16    5.20    0.0     0.00            117.7   4.1             0.1     3.9     0.000   0.030   0.808   0.837           0.000
20160820        0.843   0.000   0.0             19.2            4.55    5.10    0.0     0.00            113.2   0.0             0.0     3.2     0.000   0.009   0.835   0.843           0.000
20160821        0.670   0.000   0.0             20.3            4.37    5.10    0.0     0.00            108.8   0.0             0.0     2.5     0.000   0.000   0.670   0.670           0.000
20160822        0.536   0.000   0.0             22.9            4.86    5.90    0.0     0.00            104.0   0.0             0.0     2.0     0.000   0.000   0.536   0.536           0.000
20160823        0.429   0.000   0.0             26.1            4.10    5.20    0.0     0.00            99.9    0.0             0.0     1.6     0.000   0.000   0.429   0.429           0.000
20160824        0.343   0.000   0.0             23.8            1.97    2.60    0.0     0.00            97.9    0.0             0.0     1.3     0.000   0.000   0.343   0.343           0.000
20160825        0.939   0.058   31.2            21.4            2.95    3.50    0.0     0.00            122.0   4.1             0.1     4.2     0.000   0.044   0.895   0.939           0.000
20160826        2.192   0.108   24.4            21.6            2.49    2.50    0.0     0.00            138.2   5.7             0.9     6.6     0.119   0.557   1.516   2.192           0.000
20160827        1.951   0.144   5.1             24.3            4.50    4.50    0.0     0.00            137.4   1.5             0.0     7.2     0.034   0.158   1.759   1.951           0.000
20160828        1.513   0.079   0.0             26.6            5.40    5.40    0.0     0.00            132.0   0.0             0.0     5.7     0.000   0.000   1.513   1.513           0.000
20160829        1.365   0.000   4.1             25.0            4.10    4.10    0.0     0.00            131.0   1.0             0.0     5.4     0.000   0.000   1.365   1.365           0.000
20160830        1.137   0.000   0.0             23.5            2.38    2.40    0.0     0.00            128.6   0.0             0.0     4.3     0.000   0.000   1.137   1.137           0.000
20160831        1.135   0.000   6.4             21.8            1.59    1.60    0.0     0.00            131.9   1.5             0.0     4.6     0.000   0.000   1.135   1.135           0.000
20160901        0.974   0.000   0.0             20.2            4.40    4.40    0.0     0.00            127.6   0.0             0.0     3.7     0.000   0.000   0.974   0.974           0.000
20160902        0.779   0.000   0.0             19.5            4.35    4.50    0.0     0.00            123.2   0.0             0.0     3.0     0.000   0.000   0.779   0.779           0.000
20160903        0.623   0.000   0.0             21.5            4.85    5.20    0.0     0.00            118.3   0.0             0.0     2.4     0.000   0.000   0.623   0.623           0.000
20160904        0.499   0.000   0.0             24.7            4.66    5.20    0.0     0.00            113.7   0.0             0.0     1.9     0.000   0.000   0.499   0.499           0.000
20160905        0.399   0.000   0.0             27.7            4.82    5.60    0.0     0.00            108.9   0.0             0.0     1.5     0.000   0.000   0.399   0.399           0.000
20160906        0.319   0.000   0.0             28.4            4.62    5.60    0.0     0.00            104.2   0.0             0.0     1.2     0.000   0.000   0.319   0.319           0.000
20160907        0.263   0.000   0.5             27.9            3.01    3.80    0.0     0.00            101.7   0.1             0.0     1.0     0.000   0.000   0.263   0.263           0.000
20160908        0.213   0.000   0.0             24.5            1.69    2.20    0.0     0.00            100.0   0.0             0.0     0.8     0.000   0.000   0.213   0.213           0.000
20160909        0.170   0.000   0.0             23.7            3.18    4.20    0.0     0.00            96.8    0.0             0.0     0.6     0.000   0.000   0.170   0.170           0.000
20160910        0.136   0.000   0.0             17.7            3.37    4.60    0.0     0.00            93.4    0.0             0.0     0.5     0.000   0.000   0.136   0.136           0.000
20160911        0.109   0.000   0.0             20.0            3.47    4.90    0.0     0.00            90.0    0.0             0.0     0.4     0.000   0.000   0.109   0.109           0.000
20160912        0.087   0.000   0.0             24.9            3.68    5.40    0.0     0.00            86.3    0.0             0.0     0.3     0.000   0.000   0.087   0.087           0.000
20160913        1.298   0.000   47.2            20.1            1.70    2.10    0.0     0.00            126.1   5.7             0.9     3.5     0.086   0.522   0.690   1.298           0.000
20160914        1.496   0.122   12.7            18.1            1.39    1.40    0.0     0.00            134.5   2.9             0.0     5.8     0.025   0.151   1.320   1.496           0.000
20160915        1.227   0.151   0.0             23.7            3.90    3.90    0.0     0.00            130.6   0.0             0.0     4.6     0.000   0.000   1.227   1.227           0.000
20160916        1.188   0.079   5.6             18.7            1.60    1.60    0.0     0.00            133.3   1.3             0.0     4.8     0.000   0.000   1.188   1.188           0.000
20160917        1.010   0.007   0.0             23.5            3.60    3.60    0.0     0.00            129.7   0.0             0.0     3.8     0.000   0.000   1.010   1.010           0.000
20160918        0.808   0.000   0.0             23.5            4.72    4.80    0.0     0.00            125.0   0.0             0.0     3.1     0.000   0.000   0.808   0.808           0.000
20160919        0.647   0.000   0.0             26.4            4.64    4.90    0.0     0.00            120.3   0.0             0.0     2.4     0.000   0.000   0.647   0.647           0.000
20160920        0.517   0.000   0.0             26.9            3.92    4.30    0.0     0.00            116.4   0.0             0.0     2.0     0.000   0.000   0.517   0.517           0.000
20160921        0.414   0.000   0.0             27.7            3.97    4.50    0.0     0.00            112.4   0.0             0.0     1.6     0.000   0.000   0.414   0.414           0.000
20160922        0.331   0.000   0.0             27.0            4.34    5.10    0.0     0.00            108.1   0.0             0.0     1.3     0.000   0.000   0.331   0.331           0.000
20160923        0.265   0.000   0.0             25.4            4.18    5.10    0.0     0.00            103.9   0.0             0.0     1.0     0.000   0.000   0.265   0.265           0.000
20160924        11.284  1.650   72.4            22.7            2.78    2.80    0.0     0.00            155.2   18.4            0.9     4.0     5.992   4.460   0.832   11.284          0.000
20160925        4.225   1.059   3.3             17.6            2.40    2.40    0.0     0.00            154.7   1.4             0.0     5.0     1.734   1.291   1.200   4.225           0.000
20160926        1.063   0.584   0.0             14.9            3.70    3.70    0.0     0.00            151.0   0.0             0.0     4.0     0.000   0.000   1.063   1.063           0.000
20160927        0.850   0.418   0.0             18.7            3.50    3.50    0.0     0.00            147.5   0.0             0.0     3.2     0.000   0.000   0.850   0.850           0.000
20160928        0.680   0.310   0.0             15.5            3.50    3.50    0.0     0.00            144.0   0.0             0.0     2.6     0.000   0.000   0.680   0.680           0.000
20160929        0.544   0.267   0.0             13.2            3.00    3.00    0.0     0.00            141.0   0.0             0.0     2.1     0.000   0.000   0.544   0.544           0.000
20160930        0.435   0.238   0.0             14.2            3.30    3.30    0.0     0.00            137.7   0.0             0.0     1.6     0.000   0.000   0.435   0.435           0.000
20161001        0.348   0.216   0.0             15.7            3.10    3.10    0.0     0.00            134.6   0.0             0.0     1.3     0.000   0.000   0.348   0.348           0.000
20161002        0.279   0.195   0.0             18.1            3.90    3.90    0.0     0.00            130.7   0.0             0.0     1.1     0.000   0.000   0.279   0.279           0.000
20161003        0.223   0.202   0.0             20.5            3.56    3.60    0.0     0.00            127.1   0.0             0.0     0.8     0.000   0.000   0.223   0.223           0.000
20161004        1.723   0.346   23.4            14.9            2.40    2.40    0.0     0.00            142.0   6.1             0.9     3.9     0.276   0.649   0.799   1.723           0.000
20161005        1.226   0.324   0.0             16.8            2.80    2.80    0.0     0.00            139.2   0.0             0.0     3.8     0.080   0.188   0.958   1.226           0.000
20161006        1.252   0.461   9.4             17.7            2.80    2.80    0.0     0.00            143.0   2.9             0.0     5.4     0.000   0.000   1.252   1.252           0.000
20161007        1.130   0.497   0.0             10.1            2.80    2.80    0.0     0.00            140.2   0.0             0.0     4.3     0.000   0.000   1.130   1.130           0.000
20161008        0.904   0.403   0.0             13.6            3.10    3.10    0.0     0.00            137.1   0.0             0.0     3.4     0.000   0.000   0.904   0.904           0.000
20161009        0.723   0.353   0.0             15.0            2.40    2.40    0.0     0.00            134.7   0.0             0.0     2.7     0.000   0.000   0.723   0.723           0.000
20161010        1.173   0.425   13.5            15.6            1.70    1.70    0.0     0.00            142.6   3.8             0.0     5.3     0.000   0.000   1.173   1.173           0.000
20161011        1.111   0.432   0.0             18.9            3.50    3.50    0.0     0.00            139.1   0.0             0.0     4.2     0.000   0.000   1.111   1.111           0.000
20161012        0.889   0.396   0.0             10.0            2.60    2.60    0.0     0.00            136.5   0.0             0.0     3.4     0.000   0.000   0.889   0.889           0.000
20161013        0.711   0.411   0.0             7.9             2.00    2.00    0.0     0.00            134.5   0.0             0.0     2.7     0.000   0.000   0.711   0.711           0.000
20161014        0.569   0.447   0.0             16.0            1.80    1.80    0.0     0.00            132.7   0.0             0.0     2.2     0.000   0.000   0.569   0.569           0.000
20161015        0.455   0.540   0.0             20.9            1.90    1.90    0.0     0.00            130.8   0.0             0.0     1.7     0.000   0.000   0.455   0.455           0.000
20161016        0.364   0.540   0.0             23.8            3.96    4.00    0.0     0.00            126.9   0.0             0.0     1.4     0.000   0.000   0.364   0.364           0.000
20161017        0.291   0.461   0.0             24.8            4.13    4.30    0.0     0.00            122.7   0.0             0.0     1.1     0.000   0.000   0.291   0.291           0.000
20161018        0.233   0.403   0.0             16.5            2.70    2.90    0.0     0.00            120.0   0.0             0.0     0.9     0.000   0.000   0.233   0.233           0.000
20161019        0.186   0.641   0.0             15.0            2.18    2.40    0.0     0.00            117.8   0.0             0.0     0.7     0.000   0.000   0.186   0.186           0.000
20161020        0.225   1.030   3.0             10.9            1.62    1.80    0.0     0.00            118.7   0.5             0.0     1.0     0.000   0.000   0.225   0.225           0.000
20161021        0.202   0.137   0.0             10.7            2.16    2.40    0.0     0.00            116.6   0.0             0.0     0.8     0.000   0.000   0.202   0.202           0.000
20161022        0.161   0.180   0.0             16.4            2.91    3.30    0.0     0.00            113.7   0.0             0.0     0.6     0.000   0.000   0.161   0.161           0.000
20161023        0.129   0.166   0.0             17.0            2.58    3.00    0.0     0.00            111.1   0.0             0.0     0.5     0.000   0.000   0.129   0.129           0.000
20161024        0.103   0.144   0.0             14.7            2.36    2.80    0.0     0.00            108.7   0.0             0.0     0.4     0.000   0.000   0.103   0.103           0.000
20161025        0.083   0.108   0.0             20.3            2.64    3.20    0.0     0.00            106.1   0.0             0.0     0.3     0.000   0.000   0.083   0.083           0.000
20161026        0.335   0.130   13.2            17.9            2.54    3.00    0.0     0.00            115.0   1.7             0.0     1.6     0.000   0.000   0.335   0.335           0.000
20161027        0.345   0.144   0.0             15.5            2.35    2.70    0.0     0.00            112.7   0.0             0.0     1.3     0.000   0.000   0.345   0.345           0.000
20161028        0.276   0.144   0.0             22.0            2.90    3.40    0.0     0.00            109.8   0.0             0.0     1.0     0.000   0.000   0.276   0.276           0.000
20161029        0.221   0.144   0.0             22.5            2.99    3.60    0.0     0.00            106.8   0.0             0.0     0.8     0.000   0.000   0.221   0.221           0.000
20161030        0.177   0.144   0.0             11.9            1.38    1.70    0.0     0.00            105.4   0.0             0.0     0.7     0.000   0.000   0.177   0.177           0.000
20161031        0.141   0.130   0.0             19.8            1.84    2.30    0.0     0.00            103.6   0.0             0.0     0.5     0.000   0.000   0.141   0.141           0.000
20161101        0.113   0.144   0.0             21.4            1.73    2.20    0.0     0.00            101.8   0.0             0.0     0.4     0.000   0.000   0.113   0.113           0.000
20161102        0.146   0.137   3.6             18.7            1.33    1.70    0.0     0.00            103.7   0.4             0.0     0.6     0.000   0.000   0.146   0.146           0.000
20161103        0.133   0.115   0.0             14.3            1.81    2.30    0.0     0.00            101.9   0.0             0.0     0.5     0.000   0.000   0.133   0.133           0.000
20161104        0.106   0.144   0.0             14.2            1.62    2.10    0.0     0.00            100.3   0.0             0.0     0.4     0.000   0.000   0.106   0.106           0.000
20161105        0.085   0.151   0.0             15.1            1.98    2.60    0.0     0.00            98.3    0.0             0.0     0.3     0.000   0.000   0.085   0.085           0.000
20161106        0.068   0.144   0.0             14.8            1.71    2.30    0.0     0.00            96.6    0.0             0.0     0.3     0.000   0.000   0.068   0.068           0.000
20161107        0.067   0.137   1.0             12.5            0.37    0.50    0.0     0.00            97.2    0.1             0.0     0.3     0.000   0.000   0.067   0.067           0.000
20161108        0.057   0.144   0.0             12.5            1.33    1.80    0.0     0.00            95.8    0.0             0.0     0.2     0.000   0.000   0.057   0.057           0.000
20161109        0.046   0.137   0.0             7.2             1.31    1.80    0.0     0.00            94.5    0.0             0.0     0.2     0.000   0.000   0.046   0.046           0.000
20161110        0.036   0.137   0.0             11.5            1.50    2.10    0.0     0.00            93.0    0.0             0.0     0.1     0.000   0.000   0.036   0.036           0.000
20161111        0.029   0.137   0.0             9.9             1.06    1.50    0.0     0.00            92.0    0.0             0.0     0.1     0.000   0.000   0.029   0.029           0.000
20161112        0.023   0.122   0.0             5.6             1.11    1.60    0.0     0.00            90.9    0.0             0.0     0.1     0.000   0.000   0.023   0.023           0.000
20161113        0.019   0.115   0.0             11.0            1.38    2.00    0.0     0.00            89.5    0.0             0.0     0.1     0.000   0.000   0.019   0.019           0.000
20161114        0.015   0.115   0.0             11.1            1.15    1.70    0.0     0.00            88.3    0.0             0.0     0.1     0.000   0.000   0.015   0.015           0.000
20161115        0.012   0.122   0.0             11.0            1.14    1.70    0.0     0.00            87.2    0.0             0.0     0.0     0.000   0.000   0.012   0.012           0.000
20161116        0.010   0.122   0.0             17.4            1.78    2.70    0.0     0.00            85.4    0.0             0.0     0.0     0.000   0.000   0.010   0.010           0.000
20161117        0.008   0.108   0.0             18.6            1.62    2.50    0.0     0.00            83.8    0.0             0.0     0.0     0.000   0.000   0.008   0.008           0.000
20161118        0.006   0.115   0.0             4.5             0.83    1.30    0.0     0.00            83.0    0.0             0.0     0.0     0.000   0.000   0.006   0.006           0.000
20161119        0.005   0.108   0.0             1.0             0.82    1.30    0.0     0.00            82.2    0.0             0.0     0.0     0.000   0.000   0.005   0.005           0.000
20161120        0.004   0.101   0.0             5.9             0.87    1.40    0.0     0.00            81.3    0.0             0.0     0.0     0.000   0.000   0.004   0.004           0.000
20161121        0.003   0.101   0.0             7.1             0.55    0.90    0.0     0.00            80.7    0.0             0.0     0.0     0.000   0.000   0.003   0.003           0.000
20161122        0.025   0.108   3.3             12.6            1.18    1.90    0.0     0.00            82.7    0.1             0.0     0.1     0.000   0.000   0.025   0.025           0.000
20161123        0.027   0.108   0.0             5.3             0.25    0.40    0.0     0.00            82.4    0.0             0.0     0.1     0.000   0.000   0.027   0.027           0.000
20161124        0.022   0.108   0.0             5.1             0.25    0.40    0.0     0.00            82.2    0.0             0.0     0.1     0.000   0.000   0.022   0.022           0.000
20161125        0.017   0.108   0.0             5.6             0.75    1.20    0.0     0.00            81.4    0.0             0.0     0.1     0.000   0.000   0.017   0.017           0.000
20161126        0.014   0.108   0.0             9.5             1.23    2.00    0.0     0.00            80.2    0.0             0.0     0.1     0.000   0.000   0.014   0.014           0.000
20161127        0.017   0.101   1.0             12.0            0.79    1.30    0.0     0.00            80.4    0.0             0.0     0.1     0.000   0.000   0.017   0.017           0.000
20161128        0.016   0.094   0.0             10.3            1.10    1.80    0.0     0.00            79.3    0.0             0.0     0.1     0.000   0.000   0.016   0.016           0.000
20161129        0.013   0.094   0.0             5.4             0.72    1.20    0.0     0.00            78.6    0.0             0.0     0.0     0.000   0.000   0.013   0.013           0.000
20161130        0.010   0.094   0.0             1.9             0.48    0.80    0.0     0.00            78.1    0.0             0.0     0.0     0.000   0.000   0.010   0.010           0.000
20161201        0.008   0.101   0.0             0.4             0.65    1.10    0.0     0.00            77.4    0.0             0.0     0.0     0.000   0.000   0.008   0.008           0.000
20161202        0.006   0.101   0.0             0.4             0.65    1.10    0.0     0.00            76.8    0.0             0.0     0.0     0.000   0.000   0.006   0.006           0.000
20161203        0.045   0.094   6.4             1.9             0.00    0.00    0.0     0.00            82.9    0.3             0.0     0.2     0.000   0.000   0.045   0.045           0.000
20161204        0.149   0.072   11.4            3.3             0.27    0.40    0.0     0.00            93.4    0.7             0.0     0.7     0.000   0.000   0.149   0.149           0.000
20161205        0.149   0.072   0.0             6.0             0.85    1.20    0.0     0.00            92.6    0.0             0.0     0.6     0.000   0.000   0.149   0.149           0.000
20161206        0.119   0.072   0.0             -0.2            0.70    1.00    0.0     0.00            91.9    0.0             0.0     0.5     0.000   0.000   0.119   0.119           0.000
20161207        0.095   0.079   0.3             -4.6            0.21    0.30    0.3     1.00            91.6    0.0             0.0     0.4     0.000   0.000   0.095   0.095           0.000
20161208        0.076   0.086   0.0             -8.4            0.00    0.70    0.3     1.00            91.6    0.0             0.0     0.3     0.000   0.000   0.076   0.076           0.000
20161209        0.061   0.101   0.0             -6.8            0.00    0.10    0.3     1.00            91.6    0.0             0.0     0.2     0.000   0.000   0.061   0.061           0.000
20161210        0.052   0.367   0.0             -0.1            0.00    0.50    0.0     0.00            91.9    0.0             0.0     0.2     0.000   0.000   0.052   0.052           0.000
20161211        0.042   1.131   0.0             1.6             0.14    0.20    0.0     0.00            91.8    0.0             0.0     0.2     0.000   0.000   0.042   0.042           0.000
20161212        0.034   1.246   0.0             -3.5            0.42    0.60    0.0     0.00            91.4    0.0             0.0     0.1     0.000   0.000   0.034   0.034           0.000
20161213        0.027   1.275   0.0             -7.2            0.48    0.70    0.0     0.00            90.9    0.0             0.0     0.1     0.000   0.000   0.027   0.027           0.000
20161214        0.022   1.297   0.0             -6.0            0.41    0.60    0.0     0.00            90.5    0.0             0.0     0.1     0.000   0.000   0.022   0.022           0.000
20161215        0.017   1.319   0.0             -3.7            0.34    0.50    0.0     0.00            90.1    0.0             0.0     0.1     0.000   0.000   0.017   0.017           0.000
20161216        0.017   1.340   0.3             -0.6            0.00    0.00    0.0     0.00            90.4    0.0             0.0     0.1     0.000   0.000   0.017   0.017           0.000
20161217        0.014   1.362   2.0             -10.7           0.00    0.00    2.0     1.00            90.4    0.0             0.0     0.1     0.000   0.000   0.014   0.014           0.000
20161218        0.011   1.369   0.0             -17.7           0.00    0.50    2.0     1.00            90.4    0.0             0.0     0.0     0.000   0.000   0.011   0.011           0.000
20161219        0.009   1.434   0.0             -8.2            0.00    0.50    2.0     1.00            90.4    0.0             0.0     0.0     0.000   0.000   0.009   0.009           0.000
20161220        0.027   1.463   0.0             1.2             0.00    0.90    0.0     0.00            92.3    0.1             0.0     0.1     0.000   0.000   0.027   0.027           0.001
20161221        0.028   0.281   0.0             2.7             0.63    0.90    0.0     0.00            91.7    0.0             0.0     0.1     0.000   0.000   0.028   0.027           0.001
20161222        0.022   0.202   0.0             0.9             0.42    0.60    0.0     0.00            91.2    0.0             0.0     0.1     0.000   0.000   0.022   0.022           0.000
20161223        0.023   0.000   0.5             4.1             0.62    0.90    0.0     0.00            91.1    0.0             0.0     0.1     0.000   0.000   0.023   0.022           0.000
20161224        0.020   0.605   0.0             2.0             0.83    1.20    0.0     0.00            90.3    0.0             0.0     0.1     0.000   0.000   0.020   0.019           0.000
20161225        0.058   0.324   4.1             10.8            0.98    1.40    0.0     0.00            93.1    0.3             0.0     0.3     0.000   0.000   0.058   0.057           0.001
20161226        0.059   0.000   0.0             2.2             0.92    1.30    0.0     0.00            92.2    0.0             0.0     0.2     0.000   0.000   0.059   0.057           0.001
20161227        0.047   0.000   0.0             1.4             0.77    1.10    0.0     0.00            91.4    0.0             0.0     0.2     0.000   0.000   0.047   0.046           0.001
20161228        0.037   0.000   0.0             3.0             0.69    1.00    0.0     0.00            90.7    0.0             0.0     0.1     0.000   0.000   0.037   0.037           0.001
20161229        0.030   0.000   0.0             2.8             0.82    1.20    0.0     0.00            89.9    0.0             0.0     0.1     0.000   0.000   0.030   0.029           0.001
20161230        0.024   0.000   0.0             5.2             1.23    1.80    0.0     0.00            88.7    0.0             0.0     0.1     0.000   0.000   0.024   0.023           0.001
20161231        0.019   0.000   0.0             1.2             0.74    1.10    0.0     0.00            87.9    0.0             0.0     0.1     0.000   0.000   0.019   0.019           0.000
