Date	pH	Cl-	NO3-	N(plant)	N2O(soil)	soilN(s)	plantN(s)	soilDN(s)
20161001	5.225	3.22E-06	1.00E-05	1.00E-10	1.00E-07	1.00E-10	1.00E-10	1.00E-10
20161002	5.225	3.22E-06	1.00E-05	1.00E-10	1.00E-07	1.00E-10	1.00E-10	1.00E-10
20161003	5.225	3.22E-06	1.00E-05	1.00E-10	1.00E-07	1.00E-10	1.00E-10	1.00E-10
20161004	5.225	3.22E-06	1.00E-05	1.00E-10	1.00E-07	1.00E-10	1.00E-10	1.00E-10
20161005	5.47	3.22E-06	3.95E-06	1.00E-10	1.00E-07	1.00E-10	1.00E-10	1.00E-10
20161006	5.47	3.22E-06	3.95E-06	1.00E-10	1.00E-07	1.00E-10	1.00E-10	1.00E-10
20161007	5.47	3.22E-06	3.95E-06	1.00E-10	1.00E-07	1.00E-10	1.00E-10	1.00E-10
20161008	5.47	3.22E-06	3.95E-06	1.00E-10	1.00E-07	1.00E-10	1.00E-10	1.00E-10
20161009	5.47	3.22E-06	3.95E-06	1.00E-10	1.00E-07	1.00E-10	1.00E-10	1.00E-10
20161010	5.47	3.22E-06	3.95E-06	1.00E-10	1.00E-07	1.00E-10	1.00E-10	1.00E-10
20161011	5.47	3.22E-06	3.95E-06	1.00E-10	1.00E-07	1.00E-10	1.00E-10	1.00E-10
20161012	5.47	3.22E-06	3.95E-06	1.00E-10	1.00E-07	1.00E-10	1.00E-10	1.00E-10
20161013	5.47	3.22E-06	3.95E-06	1.00E-10	1.00E-07	1.00E-10	1.00E-10	1.00E-10
20161014	5.47	3.22E-06	3.95E-06	1.00E-10	1.00E-07	1.00E-10	1.00E-10	1.00E-10
20161015	5.47	3.22E-06	3.95E-06	1.00E-10	1.00E-07	1.00E-10	1.00E-10	1.00E-10
20161016	5.47	3.22E-06	3.95E-06	1.00E-10	1.00E-07	1.00E-10	1.00E-10	1.00E-10
20161017	5.47	3.22E-06	3.95E-06	1.00E-10	1.00E-07	1.00E-10	1.00E-10	1.00E-10
20161018	5.47	3.22E-06	3.95E-06	1.00E-10	1.00E-07	1.00E-10	1.00E-10	1.00E-10
20161019	5.47	3.22E-06	3.95E-06	1.00E-10	1.00E-07	1.00E-10	1.00E-10	1.00E-10
20161020	5.47	3.22E-06	3.95E-06	1.00E-10	1.00E-07	1.00E-10	1.00E-10	1.00E-10
20161021	5.47	3.22E-06	3.95E-06	1.00E-10	1.00E-07	1.00E-10	1.00E-10	1.00E-10
20161022	5.47	3.22E-06	3.95E-06	1.00E-10	1.00E-07	1.00E-10	1.00E-10	1.00E-10
20161023	5.47	3.22E-06	3.95E-06	1.00E-10	1.00E-07	1.00E-10	1.00E-10	1.00E-10
20161024	5.47	3.22E-06	3.95E-06	1.00E-10	1.00E-07	1.00E-10	1.00E-10	1.00E-10
20161025	5.47	3.22E-06	3.95E-06	1.00E-10	1.00E-07	1.00E-10	1.00E-10	1.00E-10
20161026	5.47	3.22E-06	3.95E-06	1.00E-10	1.00E-07	1.00E-10	1.00E-10	1.00E-10
20161027	5.37	2.03E-06	8.63E-06	1.00E-10	1.00E-07	1.00E-10	1.00E-10	1.00E-10
20161028	5.37	2.03E-06	8.63E-06	1.00E-10	1.00E-07	1.00E-10	1.00E-10	1.00E-10
20161029	5.37	2.03E-06	8.63E-06	1.00E-10	1.00E-07	1.00E-10	1.00E-10	1.00E-10
20161030	5.37	2.03E-06	8.63E-06	1.00E-10	1.00E-07	1.00E-10	1.00E-10	1.00E-10
20161031	5.37	2.03E-06	8.63E-06	1.00E-10	1.00E-07	1.00E-10	1.00E-10	1.00E-10
20161101	5.37	2.03E-06	8.63E-06	1.00E-10	1.00E-07	1.00E-10	1.00E-10	1.00E-10
20161102	5.39	2.03E-06	1.04E-05	1.00E-10	1.00E-07	1.00E-10	1.00E-10	1.00E-10
20161103	5.39	2.03E-06	1.04E-05	1.00E-10	1.00E-07	1.00E-10	1.00E-10	1.00E-10
20161104	5.39	2.03E-06	1.04E-05	1.00E-10	1.00E-07	1.00E-10	1.00E-10	1.00E-10
20161105	5.39	2.03E-06	1.04E-05	1.00E-10	1.00E-07	1.00E-10	1.00E-10	1.00E-10
20161106	5.39	2.03E-06	1.04E-05	1.00E-10	1.00E-07	1.00E-10	1.00E-10	1.00E-10
20161107	5.39	2.03E-06	1.04E-05	1.00E-10	1.00E-07	1.00E-10	1.00E-10	1.00E-10
20161108	5.39	2.03E-06	1.04E-05	1.00E-10	1.00E-07	1.00E-10	1.00E-10	1.00E-10
20161109	5.39	2.03E-06	1.04E-05	1.00E-10	1.00E-07	1.00E-10	1.00E-10	1.00E-10
20161110	6.12	8.60E-06	1.34E-05	1.00E-10	1.00E-07	1.00E-10	1.00E-10	1.00E-10
20161111	6.12	8.60E-06	1.34E-05	1.00E-10	1.00E-07	1.00E-10	1.00E-10	1.00E-10
20161112	6.12	8.60E-06	1.34E-05	1.00E-10	1.00E-07	1.00E-10	1.00E-10	1.00E-10
20161113	6.12	8.60E-06	1.34E-05	1.00E-10	1.00E-07	1.00E-10	1.00E-10	1.00E-10
20161114	6.12	8.60E-06	1.34E-05	1.00E-10	1.00E-07	1.00E-10	1.00E-10	1.00E-10
20161115	6.12	8.60E-06	1.34E-05	1.00E-10	1.00E-07	1.00E-10	1.00E-10	1.00E-10
20161116	5.34	3.72E-06	3.63E-06	1.00E-10	1.00E-07	1.00E-10	1.00E-10	1.00E-10
20161117	5.34	3.72E-06	3.63E-06	1.00E-10	1.00E-07	1.00E-10	1.00E-10	1.00E-10
20161118	5.34	3.72E-06	3.63E-06	1.00E-10	1.00E-07	1.00E-10	1.00E-10	1.00E-10
20161119	5.34	3.72E-06	3.63E-06	1.00E-10	1.00E-07	1.00E-10	1.00E-10	1.00E-10
20161120	5.34	3.72E-06	3.63E-06	1.00E-10	1.00E-07	1.00E-10	1.00E-10	1.00E-10
20161121	5.34	3.72E-06	3.63E-06	1.00E-10	1.00E-07	1.00E-10	1.00E-10	1.00E-10
20161122	5.34	3.72E-06	3.63E-06	1.00E-10	1.00E-07	1.00E-10	1.00E-10	1.00E-10
20161123	4.81	4.74E-06	2.26E-05	1.00E-10	1.00E-07	1.00E-10	1.00E-10	1.00E-10
20161124	4.81	4.74E-06	2.26E-05	1.00E-10	1.00E-07	1.00E-10	1.00E-10	1.00E-10
20161125	4.81	4.74E-06	2.26E-05	1.00E-10	1.00E-07	1.00E-10	1.00E-10	1.00E-10
20161126	4.81	4.74E-06	2.26E-05	1.00E-10	1.00E-07	1.00E-10	1.00E-10	1.00E-10
20161127	4.81	4.74E-06	2.26E-05	1.00E-10	1.00E-07	1.00E-10	1.00E-10	1.00E-10
20161128	4.81	4.74E-06	2.26E-05	1.00E-10	1.00E-07	1.00E-10	1.00E-10	1.00E-10
20161129	5.32	4.30E-06	8.42E-06	1.00E-10	1.00E-07	1.00E-10	1.00E-10	1.00E-10
20161130	5.32	4.30E-06	8.42E-06	1.00E-10	1.00E-07	1.00E-10	1.00E-10	1.00E-10
20161201	5.32	4.30E-06	8.42E-06	1.00E-10	1.00E-07	1.00E-10	1.00E-10	1.00E-10
20161202	5.32	4.30E-06	8.42E-06	1.00E-10	1.00E-07	1.00E-10	1.00E-10	1.00E-10
20161203	5.32	4.30E-06	8.42E-06	1.00E-10	1.00E-07	1.00E-10	1.00E-10	1.00E-10
20161204	5.32	4.30E-06	8.42E-06	1.00E-10	1.00E-07	1.00E-10	1.00E-10	1.00E-10
20161205	5.32	4.30E-06	8.42E-06	1.00E-10	1.00E-07	1.00E-10	1.00E-10	1.00E-10
20161206	5.32	4.30E-06	8.42E-06	1.00E-10	1.00E-07	1.00E-10	1.00E-10	1.00E-10
20161207	5.32	4.30E-06	8.42E-06	1.00E-10	1.00E-07	1.00E-10	1.00E-10	1.00E-10
20161208	5.07	1.68E-05	1.62E-05	1.00E-10	1.00E-07	1.00E-10	1.00E-10	1.00E-10
20161209	5.07	1.68E-05	1.62E-05	1.00E-10	1.00E-07	1.00E-10	1.00E-10	1.00E-10
20161210	5.07	1.68E-05	1.62E-05	1.00E-10	1.00E-07	1.00E-10	1.00E-10	1.00E-10
20161211	5.07	1.68E-05	1.62E-05	1.00E-10	1.00E-07	1.00E-10	1.00E-10	1.00E-10
20161212	5.07	1.68E-05	1.62E-05	1.00E-10	1.00E-07	1.00E-10	1.00E-10	1.00E-10
20161213	5.07	1.68E-05	1.62E-05	1.00E-10	1.00E-07	1.00E-10	1.00E-10	1.00E-10
20161214	5.3	6.32E-06	9.95E-06	1.00E-10	1.00E-07	1.00E-10	1.00E-10	1.00E-10
20161215	5.3	6.32E-06	9.95E-06	1.00E-10	1.00E-07	1.00E-10	1.00E-10	1.00E-10
20161216	5.3	6.32E-06	9.95E-06	1.00E-10	1.00E-07	1.00E-10	1.00E-10	1.00E-10
20161217	5.3	6.32E-06	9.95E-06	1.00E-10	1.00E-07	1.00E-10	1.00E-10	1.00E-10
20161218	5.3	6.32E-06	9.95E-06	1.00E-10	1.00E-07	1.00E-10	1.00E-10	1.00E-10
20161219	5.3	6.32E-06	9.95E-06	1.00E-10	1.00E-07	1.00E-10	1.00E-10	1.00E-10
20161220	5.3	6.32E-06	9.95E-06	1.00E-10	1.00E-07	1.00E-10	1.00E-10	1.00E-10
20161221	4.99	4.85E-06	1.06E-05	1.00E-10	1.00E-07	1.00E-10	1.00E-10	1.00E-10
20161222	4.99	4.85E-06	1.06E-05	1.00E-10	1.00E-07	1.00E-10	1.00E-10	1.00E-10
20161223	4.99	4.85E-06	1.06E-05	1.00E-10	1.00E-07	1.00E-10	1.00E-10	1.00E-10
20161224	4.99	4.85E-06	1.06E-05	1.00E-10	1.00E-07	1.00E-10	1.00E-10	1.00E-10
20161225	4.99	4.85E-06	1.06E-05	1.00E-10	1.00E-07	1.00E-10	1.00E-10	1.00E-10
20161226	4.99	4.85E-06	1.06E-05	1.00E-10	1.00E-07	1.00E-10	1.00E-10	1.00E-10
20161227	4.99	4.85E-06	1.06E-05	1.00E-10	1.00E-07	1.00E-10	1.00E-10	1.00E-10
20161228	5.155	4.26E-06	1.51E-05	1.00E-10	1.00E-07	1.00E-10	1.00E-10	1.00E-10
20161229	5.155	4.26E-06	1.51E-05	1.00E-10	1.00E-07	1.00E-10	1.00E-10	1.00E-10
20161230	5.155	4.26E-06	1.51E-05	1.00E-10	1.00E-07	1.00E-10	1.00E-10	1.00E-10
20161231	5.155	4.26E-06	1.51E-05	1.00E-10	1.00E-07	1.00E-10	1.00E-10	1.00E-10
20170101	5.155	4.26E-06	1.51E-05	1.00E-10	1.00E-07	1.00E-10	1.00E-10	1.00E-10
20170102	5.155	4.26E-06	1.51E-05	1.00E-10	1.00E-07	1.00E-10	1.00E-10	1.00E-10
20170103	5.155	4.26E-06	1.51E-05	1.00E-10	1.00E-07	1.00E-10	1.00E-10	1.00E-10
20170104	5.155	4.26E-06	1.51E-05	1.00E-10	1.00E-07	1.00E-10	1.00E-10	1.00E-10
20170105	5.43	1.32E-05	1.47E-05	1.00E-10	1.00E-07	1.00E-10	1.00E-10	1.00E-10
20170106	5.43	1.32E-05	1.47E-05	1.00E-10	1.00E-07	1.00E-10	1.00E-10	1.00E-10
20170107	5.43	1.32E-05	1.47E-05	1.00E-10	1.00E-07	1.00E-10	1.00E-10	1.00E-10
20170108	5.43	1.32E-05	1.47E-05	1.00E-10	1.00E-07	1.00E-10	1.00E-10	1.00E-10
20170109	5.43	1.32E-05	1.47E-05	1.00E-10	1.00E-07	1.00E-10	1.00E-10	1.00E-10
20170110	5.43	1.32E-05	1.47E-05	1.00E-10	1.00E-07	1.00E-10	1.00E-10	1.00E-10
20170111	5.17	2.51E-06	2.42E-05	1.00E-10	1.00E-07	1.00E-10	1.00E-10	1.00E-10
20170112	5.17	2.51E-06	2.42E-05	1.00E-10	1.00E-07	1.00E-10	1.00E-10	1.00E-10
20170113	5.17	2.51E-06	2.42E-05	1.00E-10	1.00E-07	1.00E-10	1.00E-10	1.00E-10
20170114	5.17	2.51E-06	2.42E-05	1.00E-10	1.00E-07	1.00E-10	1.00E-10	1.00E-10
20170115	5.17	2.51E-06	2.42E-05	1.00E-10	1.00E-07	1.00E-10	1.00E-10	1.00E-10
20170116	5.17	2.51E-06	2.42E-05	1.00E-10	1.00E-07	1.00E-10	1.00E-10	1.00E-10
20170117	5.17	2.51E-06	2.42E-05	1.00E-10	1.00E-07	1.00E-10	1.00E-10	1.00E-10
20170118	5.06	2.51E-06	8.19E-06	1.00E-10	1.00E-07	1.00E-10	1.00E-10	1.00E-10
20170119	5.06	2.51E-06	8.19E-06	1.00E-10	1.00E-07	1.00E-10	1.00E-10	1.00E-10
20170120	5.06	2.51E-06	8.19E-06	1.00E-10	1.00E-07	1.00E-10	1.00E-10	1.00E-10
20170121	5.06	2.51E-06	8.19E-06	1.00E-10	1.00E-07	1.00E-10	1.00E-10	1.00E-10
20170122	5.06	2.51E-06	8.19E-06	1.00E-10	1.00E-07	1.00E-10	1.00E-10	1.00E-10
20170123	5.06	2.51E-06	8.19E-06	1.00E-10	1.00E-07	1.00E-10	1.00E-10	1.00E-10
20170124	5.06	2.51E-06	8.19E-06	1.00E-10	1.00E-07	1.00E-10	1.00E-10	1.00E-10
20170125	5.06	2.51E-06	8.19E-06	1.00E-10	1.00E-07	1.00E-10	1.00E-10	1.00E-10
20170126	5.17	2.97E-06	6.77E-06	1.00E-10	1.00E-07	1.00E-10	1.00E-10	1.00E-10
20170127	5.17	2.97E-06	6.77E-06	1.00E-10	1.00E-07	1.00E-10	1.00E-10	1.00E-10
20170128	5.17	2.97E-06	6.77E-06	1.00E-10	1.00E-07	1.00E-10	1.00E-10	1.00E-10
20170129	5.17	2.97E-06	6.77E-06	1.00E-10	1.00E-07	1.00E-10	1.00E-10	1.00E-10
20170130	5.17	2.97E-06	6.77E-06	1.00E-10	1.00E-07	1.00E-10	1.00E-10	1.00E-10
20170131	4.65	1.04E-05	3.62E-05	1.00E-10	1.00E-07	1.00E-10	1.00E-10	1.00E-10
20170201	4.65	1.04E-05	3.62E-05	1.00E-10	1.00E-07	1.00E-10	1.00E-10	1.00E-10
20170202	4.65	1.04E-05	3.62E-05	1.00E-10	1.00E-07	1.00E-10	1.00E-10	1.00E-10
20170203	4.65	1.04E-05	3.62E-05	1.00E-10	1.00E-07	1.00E-10	1.00E-10	1.00E-10
20170204	4.65	1.04E-05	3.62E-05	1.00E-10	1.00E-07	1.00E-10	1.00E-10	1.00E-10
20170205	4.65	1.04E-05	3.62E-05	1.00E-10	1.00E-07	1.00E-10	1.00E-10	1.00E-10
20170206	5.14	7.00E-06	1.23E-05	1.00E-10	1.00E-07	1.00E-10	1.00E-10	1.00E-10
20170207	5.14	7.00E-06	1.23E-05	1.00E-10	1.00E-07	1.00E-10	1.00E-10	1.00E-10
20170208	5.14	7.00E-06	1.23E-05	1.00E-10	1.00E-07	1.00E-10	1.00E-10	1.00E-10
20170209	5.14	7.00E-06	1.23E-05	1.00E-10	1.00E-07	1.00E-10	1.00E-10	1.00E-10
20170210	5.14	7.00E-06	1.23E-05	1.00E-10	1.00E-07	1.00E-10	1.00E-10	1.00E-10
20170211	5.14	7.00E-06	1.23E-05	1.00E-10	1.00E-07	1.00E-10	1.00E-10	1.00E-10
20170212	5.14	7.00E-06	1.23E-05	1.00E-10	1.00E-07	1.00E-10	1.00E-10	1.00E-10
20170213	5.14	7.00E-06	1.23E-05	1.00E-10	1.00E-07	1.00E-10	1.00E-10	1.00E-10
20170214	5.14	7.00E-06	1.23E-05	1.00E-10	1.00E-07	1.00E-10	1.00E-10	1.00E-10
20170215	4.66	7.00E-06	4.63E-05	1.00E-10	1.00E-07	1.00E-10	1.00E-10	1.00E-10
20170216	4.66	7.00E-06	4.63E-05	1.00E-10	1.00E-07	1.00E-10	1.00E-10	1.00E-10
20170217	4.66	7.00E-06	4.63E-05	1.00E-10	1.00E-07	1.00E-10	1.00E-10	1.00E-10
20170218	4.66	7.00E-06	4.63E-05	1.00E-10	1.00E-07	1.00E-10	1.00E-10	1.00E-10
20170219	4.66	7.00E-06	4.63E-05	1.00E-10	1.00E-07	1.00E-10	1.00E-10	1.00E-10
20170220	4.66	7.00E-06	4.63E-05	1.00E-10	1.00E-07	1.00E-10	1.00E-10	1.00E-10
20170221	4.66	7.00E-06	4.63E-05	1.00E-10	1.00E-07	1.00E-10	1.00E-10	1.00E-10
20170222	5.42	8.21E-06	7.02E-06	1.00E-10	1.00E-07	1.00E-10	1.00E-10	1.00E-10
20170223	5.42	8.21E-06	7.02E-06	1.00E-10	1.00E-07	1.00E-10	1.00E-10	1.00E-10
20170224	5.42	8.21E-06	7.02E-06	1.00E-10	1.00E-07	1.00E-10	1.00E-10	1.00E-10
20170225	5.42	8.21E-06	7.02E-06	1.00E-10	1.00E-07	1.00E-10	1.00E-10	1.00E-10
20170226	5.42	8.21E-06	7.02E-06	1.00E-10	1.00E-07	1.00E-10	1.00E-10	1.00E-10
20170227	5.42	8.21E-06	7.02E-06	1.00E-10	1.00E-07	1.00E-10	1.00E-10	1.00E-10
20170228	5.42	8.21E-06	7.02E-06	1.00E-10	1.00E-07	1.00E-10	1.00E-10	1.00E-10
20170301	5.695	4.37E-06	1.69E-05	1.00E-10	1.00E-07	1.00E-10	1.00E-10	1.00E-10
20170302	5.695	4.37E-06	1.69E-05	1.00E-10	1.00E-07	1.00E-10	1.00E-10	1.00E-10
20170303	5.695	4.37E-06	1.69E-05	1.00E-10	1.00E-07	1.00E-10	1.00E-10	1.00E-10
20170304	5.695	4.37E-06	1.69E-05	1.00E-10	1.00E-07	1.00E-10	1.00E-10	1.00E-10
20170305	5.695	4.37E-06	1.69E-05	1.00E-10	1.00E-07	1.00E-10	1.00E-10	1.00E-10
20170306	5.695	4.37E-06	1.69E-05	1.00E-10	1.00E-07	1.00E-10	1.00E-10	1.00E-10
20170307	5.695	4.37E-06	1.69E-05	1.00E-10	1.00E-07	1.00E-10	1.00E-10	1.00E-10
20170308	6.12	1.35E-05	1.76E-05	1.00E-10	1.00E-07	1.00E-10	1.00E-10	1.00E-10
20170309	6.12	1.35E-05	1.76E-05	1.00E-10	1.00E-07	1.00E-10	1.00E-10	1.00E-10
20170310	6.12	1.35E-05	1.76E-05	1.00E-10	1.00E-07	1.00E-10	1.00E-10	1.00E-10
20170311	6.12	1.35E-05	1.76E-05	1.00E-10	1.00E-07	1.00E-10	1.00E-10	1.00E-10
20170312	6.12	1.35E-05	1.76E-05	1.00E-10	1.00E-07	1.00E-10	1.00E-10	1.00E-10
20170313	6.12	1.35E-05	1.76E-05	1.00E-10	1.00E-07	1.00E-10	1.00E-10	1.00E-10
20170314	5.33	4.01E-06	3.39E-06	1.00E-10	1.00E-07	1.00E-10	1.00E-10	1.00E-10
20170315	5.33	4.01E-06	3.39E-06	1.00E-10	1.00E-07	1.00E-10	1.00E-10	1.00E-10
20170316	5.33	4.01E-06	3.39E-06	1.00E-10	1.00E-07	1.00E-10	1.00E-10	1.00E-10
20170317	5.33	4.01E-06	3.39E-06	1.00E-10	1.00E-07	1.00E-10	1.00E-10	1.00E-10
20170318	5.33	4.01E-06	3.39E-06	1.00E-10	1.00E-07	1.00E-10	1.00E-10	1.00E-10
20170319	5.33	4.01E-06	3.39E-06	1.00E-10	1.00E-07	1.00E-10	1.00E-10	1.00E-10
20170320	5.33	4.01E-06	3.39E-06	1.00E-10	1.00E-07	1.00E-10	1.00E-10	1.00E-10
20170321	5.33	9.14E-06	1.37E-05	1.00E-10	1.00E-07	1.00E-10	1.00E-10	1.00E-10
20170322	5.33	9.14E-06	1.37E-05	1.00E-10	1.00E-07	1.00E-10	1.00E-10	1.00E-10
20170323	5.33	9.14E-06	1.37E-05	1.00E-10	1.00E-07	1.00E-10	1.00E-10	1.00E-10
20170324	5.33	9.14E-06	1.37E-05	1.00E-10	1.00E-07	1.00E-10	1.00E-10	1.00E-10
20170325	5.33	9.14E-06	1.37E-05	1.00E-10	1.00E-07	1.00E-10	1.00E-10	1.00E-10
20170326	5.33	9.14E-06	1.37E-05	1.00E-10	1.00E-07	1.00E-10	1.00E-10	1.00E-10
20170327	5.33	9.14E-06	1.37E-05	1.00E-10	1.00E-07	1.00E-10	1.00E-10	1.00E-10
20170328	5.33	9.14E-06	1.37E-05	1.00E-10	1.00E-07	1.00E-10	1.00E-10	1.00E-10
20170329	5.33	9.14E-06	1.37E-05	1.00E-10	1.00E-07	1.00E-10	1.00E-10	1.00E-10
20170330	5.44	3.72E-06	1.04E-05	1.00E-10	1.00E-07	1.00E-10	1.00E-10	1.00E-10
20170331	5.44	3.72E-06	1.04E-05	1.00E-10	1.00E-07	1.00E-10	1.00E-10	1.00E-10
20170401	5.44	3.72E-06	1.04E-05	1.00E-10	1.00E-07	1.00E-10	1.00E-10	1.00E-10
20170402	5.44	3.72E-06	1.04E-05	1.00E-10	1.00E-07	1.00E-10	1.00E-10	1.00E-10
20170403	5.44	3.72E-06	1.04E-05	1.00E-10	1.00E-07	1.00E-10	1.00E-10	1.00E-10
20170404	5.28	3.72E-06	1.04E-05	1.00E-10	1.00E-07	1.00E-10	1.00E-10	1.00E-10
20170405	5.28	3.72E-06	1.04E-05	1.00E-10	1.00E-07	1.00E-10	1.00E-10	1.00E-10
20170406	5.28	3.72E-06	1.04E-05	1.00E-10	1.00E-07	1.00E-10	1.00E-10	1.00E-10
20170407	5.28	3.72E-06	1.04E-05	1.00E-10	1.00E-07	1.00E-10	1.00E-10	1.00E-10
20170408	5.28	3.72E-06	1.04E-05	1.00E-10	1.00E-07	1.00E-10	1.00E-10	1.00E-10
20170409	5.28	3.72E-06	1.04E-05	1.00E-10	1.00E-07	1.00E-10	1.00E-10	1.00E-10
20170410	5.28	3.72E-06	1.04E-05	1.00E-10	1.00E-07	1.00E-10	1.00E-10	1.00E-10
20170411	5.28	3.72E-06	1.04E-05	1.00E-10	1.00E-07	1.00E-10	1.00E-10	1.00E-10
20170412	5.99	6.63E-06	2.79E-05	1.00E-10	1.00E-07	1.00E-10	1.00E-10	1.00E-10
20170413	5.99	6.63E-06	2.79E-05	1.00E-10	1.00E-07	1.00E-10	1.00E-10	1.00E-10
20170414	5.99	6.63E-06	2.79E-05	1.00E-10	1.00E-07	1.00E-10	1.00E-10	1.00E-10
20170415	5.99	6.63E-06	2.79E-05	1.00E-10	1.00E-07	1.00E-10	1.00E-10	1.00E-10
20170416	5.99	6.63E-06	2.79E-05	1.00E-10	1.00E-07	1.00E-10	1.00E-10	1.00E-10
20170417	5.99	6.63E-06	2.79E-05	1.00E-10	1.00E-07	1.00E-10	1.00E-10	1.00E-10
20170418	5.3	6.21E-06	1.46E-05	1.00E-10	1.00E-07	1.00E-10	1.00E-10	1.00E-10
20170419	5.3	6.21E-06	1.46E-05	1.00E-10	1.00E-07	1.00E-10	1.00E-10	1.00E-10
20170420	5.3	6.21E-06	1.46E-05	1.00E-10	1.00E-07	1.00E-10	1.00E-10	1.00E-10
20170421	5.3	6.21E-06	1.46E-05	1.00E-10	1.00E-07	1.00E-10	1.00E-10	1.00E-10
20170422	5.3	6.21E-06	1.46E-05	1.00E-10	1.00E-07	1.00E-10	1.00E-10	1.00E-10
20170423	5.3	6.21E-06	1.46E-05	1.00E-10	1.00E-07	1.00E-10	1.00E-10	1.00E-10
20170424	5.3	6.21E-06	1.46E-05	1.00E-10	1.00E-07	1.00E-10	1.00E-10	1.00E-10
20170425	5.265	9.46E-06	2.64E-05	1.00E-10	1.00E-07	1.00E-10	1.00E-10	1.00E-10
20170426	5.265	9.46E-06	2.64E-05	1.00E-10	1.00E-07	1.00E-10	1.00E-10	1.00E-10
20170427	5.265	9.46E-06	2.64E-05	1.00E-10	1.00E-07	1.00E-10	1.00E-10	1.00E-10
20170428	5.265	9.46E-06	2.64E-05	1.00E-10	1.00E-07	1.00E-10	1.00E-10	1.00E-10
20170429	5.265	9.46E-06	2.64E-05	1.00E-10	1.00E-07	1.00E-10	1.00E-10	1.00E-10
20170430	5.265	9.46E-06	2.64E-05	1.00E-10	1.00E-07	1.00E-10	1.00E-10	1.00E-10
20170501	5.265	9.46E-06	2.64E-05	1.00E-10	1.00E-07	1.00E-10	1.00E-10	1.00E-10
20170502	5.28	3.19E-06	7.44E-06	1.00E-10	1.00E-07	1.00E-10	1.00E-10	1.00E-10
20170503	5.28	3.19E-06	7.44E-06	1.00E-10	1.00E-07	1.00E-10	1.00E-10	1.00E-10
20170504	5.28	3.19E-06	7.44E-06	1.00E-10	1.00E-07	1.00E-10	1.00E-10	1.00E-10
20170505	5.28	3.19E-06	7.44E-06	1.00E-10	1.00E-07	1.00E-10	1.00E-10	1.00E-10
20170506	5.28	3.19E-06	7.44E-06	1.00E-10	1.00E-07	1.00E-10	1.00E-10	1.00E-10
20170507	5.28	3.19E-06	7.44E-06	1.00E-10	1.00E-07	1.00E-10	1.00E-10	1.00E-10
20170508	5.28	3.19E-06	7.44E-06	1.00E-10	1.00E-07	1.00E-10	1.00E-10	1.00E-10
20170509	5.28	3.19E-06	7.44E-06	1.00E-10	1.00E-07	1.00E-10	1.00E-10	1.00E-10
20170510	5.4	7.90E-06	2.89E-06	1.00E-10	1.00E-07	1.00E-10	1.00E-10	1.00E-10
20170511	5.4	7.90E-06	2.89E-06	1.00E-10	1.00E-07	1.00E-10	1.00E-10	1.00E-10
20170512	5.4	7.90E-06	2.89E-06	1.00E-10	1.00E-07	1.00E-10	1.00E-10	1.00E-10
20170513	5.4	7.90E-06	2.89E-06	1.00E-10	1.00E-07	1.00E-10	1.00E-10	1.00E-10
20170514	5.4	7.90E-06	2.89E-06	1.00E-10	1.00E-07	1.00E-10	1.00E-10	1.00E-10
20170515	5.4	7.90E-06	2.89E-06	1.00E-10	1.00E-07	1.00E-10	1.00E-10	1.00E-10
20170516	5.4	7.90E-06	2.89E-06	1.00E-10	1.00E-07	1.00E-10	1.00E-10	1.00E-10
20170517	5.76	7.90E-06	1.17E-05	1.00E-10	1.00E-07	1.00E-10	1.00E-10	1.00E-10
20170518	5.76	7.90E-06	1.17E-05	1.00E-10	1.00E-07	1.00E-10	1.00E-10	1.00E-10
20170519	5.76	7.90E-06	1.17E-05	1.00E-10	1.00E-07	1.00E-10	1.00E-10	1.00E-10
20170520	5.76	7.90E-06	1.17E-05	1.00E-10	1.00E-07	1.00E-10	1.00E-10	1.00E-10
20170521	5.76	7.90E-06	1.17E-05	1.00E-10	1.00E-07	1.00E-10	1.00E-10	1.00E-10
20170522	5.76	7.90E-06	1.17E-05	1.00E-10	1.00E-07	1.00E-10	1.00E-10	1.00E-10
20170523	5.76	7.90E-06	1.17E-05	1.00E-10	1.00E-07	1.00E-10	1.00E-10	1.00E-10
20170524	5.76	7.90E-06	1.17E-05	1.00E-10	1.00E-07	1.00E-10	1.00E-10	1.00E-10
20170525	5.33	5.92E-06	6.18E-06	1.00E-10	1.00E-07	1.00E-10	1.00E-10	1.00E-10
20170526	5.33	5.92E-06	6.18E-06	1.00E-10	1.00E-07	1.00E-10	1.00E-10	1.00E-10
20170527	5.33	5.92E-06	6.18E-06	1.00E-10	1.00E-07	1.00E-10	1.00E-10	1.00E-10
20170528	5.33	5.92E-06	6.18E-06	1.00E-10	1.00E-07	1.00E-10	1.00E-10	1.00E-10
20170529	5.33	5.92E-06	6.18E-06	1.00E-10	1.00E-07	1.00E-10	1.00E-10	1.00E-10
20170530	5.33	5.92E-06	6.18E-06	1.00E-10	1.00E-07	1.00E-10	1.00E-10	1.00E-10
20170531	5.33	5.92E-06	6.18E-06	1.00E-10	1.00E-07	1.00E-10	1.00E-10	1.00E-10
20170601	5.73	3.22E-06	4.74E-06	1.00E-10	1.00E-07	1.00E-10	1.00E-10	1.00E-10
20170602	5.73	3.22E-06	4.74E-06	1.00E-10	1.00E-07	1.00E-10	1.00E-10	1.00E-10
20170603	5.73	3.22E-06	4.74E-06	1.00E-10	1.00E-07	1.00E-10	1.00E-10	1.00E-10
20170604	5.73	3.22E-06	4.74E-06	1.00E-10	1.00E-07	1.00E-10	1.00E-10	1.00E-10
20170605	5.73	3.22E-06	4.74E-06	1.00E-10	1.00E-07	1.00E-10	1.00E-10	1.00E-10
20170606	5.35	3.22E-06	8.53E-06	1.00E-10	1.00E-07	1.00E-10	1.00E-10	1.00E-10
20170607	5.35	3.22E-06	8.53E-06	1.00E-10	1.00E-07	1.00E-10	1.00E-10	1.00E-10
20170608	5.35	3.22E-06	8.53E-06	1.00E-10	1.00E-07	1.00E-10	1.00E-10	1.00E-10
20170609	5.35	3.22E-06	8.53E-06	1.00E-10	1.00E-07	1.00E-10	1.00E-10	1.00E-10
20170610	5.35	3.22E-06	8.53E-06	1.00E-10	1.00E-07	1.00E-10	1.00E-10	1.00E-10
20170611	5.35	3.22E-06	8.53E-06	1.00E-10	1.00E-07	1.00E-10	1.00E-10	1.00E-10
20170612	5.35	3.22E-06	8.53E-06	1.00E-10	1.00E-07	1.00E-10	1.00E-10	1.00E-10
20170613	5.35	3.22E-06	8.53E-06	1.00E-10	1.00E-07	1.00E-10	1.00E-10	1.00E-10
20170614	5.9	3.36E-06	7.63E-06	1.00E-10	1.00E-07	1.00E-10	1.00E-10	1.00E-10
20170615	5.9	3.36E-06	7.63E-06	1.00E-10	1.00E-07	1.00E-10	1.00E-10	1.00E-10
20170616	5.9	3.36E-06	7.63E-06	1.00E-10	1.00E-07	1.00E-10	1.00E-10	1.00E-10
20170617	5.9	3.36E-06	7.63E-06	1.00E-10	1.00E-07	1.00E-10	1.00E-10	1.00E-10
20170618	5.9	3.36E-06	7.63E-06	1.00E-10	1.00E-07	1.00E-10	1.00E-10	1.00E-10
20170619	5.9	3.36E-06	7.63E-06	1.00E-10	1.00E-07	1.00E-10	1.00E-10	1.00E-10
20170620	5.9	3.36E-06	7.63E-06	1.00E-10	1.00E-07	1.00E-10	1.00E-10	1.00E-10
20170621	5.75	3.75E-06	5.18E-06	1.00E-10	1.00E-07	1.00E-10	1.00E-10	1.00E-10
20170622	5.75	3.75E-06	5.18E-06	1.00E-10	1.00E-07	1.00E-10	1.00E-10	1.00E-10
20170623	5.75	3.75E-06	5.18E-06	1.00E-10	1.00E-07	1.00E-10	1.00E-10	1.00E-10
20170624	5.75	3.75E-06	5.18E-06	1.00E-10	1.00E-07	1.00E-10	1.00E-10	1.00E-10
20170625	5.75	3.75E-06	5.18E-06	1.00E-10	1.00E-07	1.00E-10	1.00E-10	1.00E-10
20170626	5.75	3.75E-06	5.18E-06	1.00E-10	1.00E-07	1.00E-10	1.00E-10	1.00E-10
20170627	5.75	3.75E-06	5.18E-06	1.00E-10	1.00E-07	1.00E-10	1.00E-10	1.00E-10
20170628	5.75	3.75E-06	5.18E-06	1.00E-10	1.00E-07	1.00E-10	1.00E-10	1.00E-10
20170629	5.32	5.50E-06	6.50E-06	1.00E-10	1.00E-07	1.00E-10	1.00E-10	1.00E-10
20170630	5.32	5.50E-06	6.50E-06	1.00E-10	1.00E-07	1.00E-10	1.00E-10	1.00E-10
20170701	5.32	5.50E-06	6.50E-06	1.00E-10	1.00E-07	1.00E-10	1.00E-10	1.00E-10
20170702	5.32	5.50E-06	6.50E-06	1.00E-10	1.00E-07	1.00E-10	1.00E-10	1.00E-10
20170703	5.32	5.50E-06	6.50E-06	1.00E-10	1.00E-07	1.00E-10	1.00E-10	1.00E-10
20170704	5.47	5.50E-06	1.20E-05	1.00E-10	1.00E-07	1.00E-10	1.00E-10	1.00E-10
20170705	5.47	5.50E-06	1.20E-05	1.00E-10	1.00E-07	1.00E-10	1.00E-10	1.00E-10
20170706	5.47	5.50E-06	1.20E-05	1.00E-10	1.00E-07	1.00E-10	1.00E-10	1.00E-10
20170707	5.47	5.50E-06	1.20E-05	1.00E-10	1.00E-07	1.00E-10	1.00E-10	1.00E-10
20170708	5.47	5.50E-06	1.20E-05	1.00E-10	1.00E-07	1.00E-10	1.00E-10	1.00E-10
20170709	5.47	5.50E-06	1.20E-05	1.00E-10	1.00E-07	1.00E-10	1.00E-10	1.00E-10
20170710	5.47	5.50E-06	1.20E-05	1.00E-10	1.00E-07	1.00E-10	1.00E-10	1.00E-10
20170711	5.47	5.50E-06	1.20E-05	1.00E-10	1.00E-07	1.00E-10	1.00E-10	1.00E-10
20170712	5.47	5.50E-06	1.20E-05	1.00E-10	1.00E-07	1.00E-10	1.00E-10	1.00E-10
20170713	6.22	5.50E-06	1.20E-05	1.00E-10	1.00E-07	1.00E-10	1.00E-10	1.00E-10
20170714	6.22	5.50E-06	1.20E-05	1.00E-10	1.00E-07	1.00E-10	1.00E-10	1.00E-10
20170715	6.22	5.50E-06	1.20E-05	1.00E-10	1.00E-07	1.00E-10	1.00E-10	1.00E-10
20170716	6.22	5.50E-06	1.20E-05	1.00E-10	1.00E-07	1.00E-10	1.00E-10	1.00E-10
20170717	6.22	5.50E-06	1.20E-05	1.00E-10	1.00E-07	1.00E-10	1.00E-10	1.00E-10
20170718	5.95	5.56E-06	7.82E-06	1.00E-10	1.00E-07	1.00E-10	1.00E-10	1.00E-10
20170719	5.95	5.56E-06	7.82E-06	1.00E-10	1.00E-07	1.00E-10	1.00E-10	1.00E-10
20170720	5.95	5.56E-06	7.82E-06	1.00E-10	1.00E-07	1.00E-10	1.00E-10	1.00E-10
20170721	5.95	5.56E-06	7.82E-06	1.00E-10	1.00E-07	1.00E-10	1.00E-10	1.00E-10
20170722	5.95	5.56E-06	7.82E-06	1.00E-10	1.00E-07	1.00E-10	1.00E-10	1.00E-10
20170723	5.95	5.56E-06	7.82E-06	1.00E-10	1.00E-07	1.00E-10	1.00E-10	1.00E-10
20170724	5.95	5.56E-06	7.82E-06	1.00E-10	1.00E-07	1.00E-10	1.00E-10	1.00E-10
20170725	5.95	5.56E-06	7.82E-06	1.00E-10	1.00E-07	1.00E-10	1.00E-10	1.00E-10
20170726	5.95	5.56E-06	7.82E-06	1.00E-10	1.00E-07	1.00E-10	1.00E-10	1.00E-10
20170727	5.8	5.47E-06	8.26E-06	1.00E-10	1.00E-07	1.00E-10	1.00E-10	1.00E-10
20170728	5.8	5.47E-06	8.26E-06	1.00E-10	1.00E-07	1.00E-10	1.00E-10	1.00E-10
20170729	5.8	5.47E-06	8.26E-06	1.00E-10	1.00E-07	1.00E-10	1.00E-10	1.00E-10
20170730	5.8	5.47E-06	8.26E-06	1.00E-10	1.00E-07	1.00E-10	1.00E-10	1.00E-10
20170731	5.8	5.47E-06	8.26E-06	1.00E-10	1.00E-07	1.00E-10	1.00E-10	1.00E-10
20170801	5.8	5.47E-06	8.26E-06	1.00E-10	1.00E-07	1.00E-10	1.00E-10	1.00E-10
20170802	5.8	5.47E-06	8.26E-06	1.00E-10	1.00E-07	1.00E-10	1.00E-10	1.00E-10
20170803	5.8	5.47E-06	8.26E-06	1.00E-10	1.00E-07	1.00E-10	1.00E-10	1.00E-10
20170804	5.8	5.47E-06	8.26E-06	1.00E-10	1.00E-07	1.00E-10	1.00E-10	1.00E-10
20170805	5.8	5.47E-06	8.26E-06	1.00E-10	1.00E-07	1.00E-10	1.00E-10	1.00E-10
20170806	5.8	5.47E-06	8.26E-06	1.00E-10	1.00E-07	1.00E-10	1.00E-10	1.00E-10
20170807	5.8	5.47E-06	8.26E-06	1.00E-10	1.00E-07	1.00E-10	1.00E-10	1.00E-10
20170808	5.8	5.47E-06	8.26E-06	1.00E-10	1.00E-07	1.00E-10	1.00E-10	1.00E-10
20170809	5.8	5.47E-06	8.26E-06	1.00E-10	1.00E-07	1.00E-10	1.00E-10	1.00E-10
20170810	4.86	3.84E-06	1.25E-05	1.00E-10	1.00E-07	1.00E-10	1.00E-10	1.00E-10
20170811	4.86	3.84E-06	1.25E-05	1.00E-10	1.00E-07	1.00E-10	1.00E-10	1.00E-10
20170812	4.86	3.84E-06	1.25E-05	1.00E-10	1.00E-07	1.00E-10	1.00E-10	1.00E-10
20170813	4.86	3.84E-06	1.25E-05	1.00E-10	1.00E-07	1.00E-10	1.00E-10	1.00E-10
20170814	4.86	3.84E-06	1.25E-05	1.00E-10	1.00E-07	1.00E-10	1.00E-10	1.00E-10
20170815	4.86	3.84E-06	1.25E-05	1.00E-10	1.00E-07	1.00E-10	1.00E-10	1.00E-10
20170816	4.86	3.84E-06	1.25E-05	1.00E-10	1.00E-07	1.00E-10	1.00E-10	1.00E-10
20170817	5.28	3.78E-06	1.85E-06	1.00E-10	1.00E-07	1.00E-10	1.00E-10	1.00E-10
20170818	5.28	3.78E-06	1.85E-06	1.00E-10	1.00E-07	1.00E-10	1.00E-10	1.00E-10
20170819	5.28	3.78E-06	1.85E-06	1.00E-10	1.00E-07	1.00E-10	1.00E-10	1.00E-10
20170820	5.28	3.78E-06	1.85E-06	1.00E-10	1.00E-07	1.00E-10	1.00E-10	1.00E-10
20170821	5.28	3.78E-06	1.85E-06	1.00E-10	1.00E-07	1.00E-10	1.00E-10	1.00E-10
20170822	5.28	3.78E-06	1.85E-06	1.00E-10	1.00E-07	1.00E-10	1.00E-10	1.00E-10
20170823	5.28	3.78E-06	1.85E-06	1.00E-10	1.00E-07	1.00E-10	1.00E-10	1.00E-10
20170824	5.28	3.78E-06	1.85E-06	1.00E-10	1.00E-07	1.00E-10	1.00E-10	1.00E-10
20170825	5.28	3.78E-06	1.85E-06	1.00E-10	1.00E-07	1.00E-10	1.00E-10	1.00E-10
20170826	5.28	3.78E-06	1.85E-06	1.00E-10	1.00E-07	1.00E-10	1.00E-10	1.00E-10
20170827	5.28	3.78E-06	1.85E-06	1.00E-10	1.00E-07	1.00E-10	1.00E-10	1.00E-10
20170828	5.28	3.78E-06	1.85E-06	1.00E-10	1.00E-07	1.00E-10	1.00E-10	1.00E-10
20170829	5.28	3.78E-06	1.85E-06	1.00E-10	1.00E-07	1.00E-10	1.00E-10	1.00E-10
20170830	5.28	3.78E-06	1.85E-06	1.00E-10	1.00E-07	1.00E-10	1.00E-10	1.00E-10
20170831	5.28	3.78E-06	1.85E-06	1.00E-10	1.00E-07	1.00E-10	1.00E-10	1.00E-10
20170901	5.28	3.78E-06	1.85E-06	1.00E-10	1.00E-07	1.00E-10	1.00E-10	1.00E-10
20170902	5.28	3.78E-06	1.85E-06	1.00E-10	1.00E-07	1.00E-10	1.00E-10	1.00E-10
20170903	5.28	3.78E-06	1.85E-06	1.00E-10	1.00E-07	1.00E-10	1.00E-10	1.00E-10
20170904	5.28	3.78E-06	1.85E-06	1.00E-10	1.00E-07	1.00E-10	1.00E-10	1.00E-10
20170905	5.3	3.78E-06	7.77E-06	1.00E-10	1.00E-07	1.00E-10	1.00E-10	1.00E-10
20170906	5.3	3.78E-06	7.77E-06	1.00E-10	1.00E-07	1.00E-10	1.00E-10	1.00E-10
20170907	5.3	3.78E-06	7.77E-06	1.00E-10	1.00E-07	1.00E-10	1.00E-10	1.00E-10
20170908	5.3	3.78E-06	7.77E-06	1.00E-10	1.00E-07	1.00E-10	1.00E-10	1.00E-10
20170909	5.3	3.78E-06	7.77E-06	1.00E-10	1.00E-07	1.00E-10	1.00E-10	1.00E-10
20170910	5.3	3.78E-06	7.77E-06	1.00E-10	1.00E-07	1.00E-10	1.00E-10	1.00E-10
20170911	5.3	3.78E-06	7.77E-06	1.00E-10	1.00E-07	1.00E-10	1.00E-10	1.00E-10
20170912	5.3	3.78E-06	7.77E-06	1.00E-10	1.00E-07	1.00E-10	1.00E-10	1.00E-10
20170913	5.31	2.88E-06	7.77E-06	1.00E-10	1.00E-07	1.00E-10	1.00E-10	1.00E-10
20170914	5.31	2.88E-06	7.77E-06	1.00E-10	1.00E-07	1.00E-10	1.00E-10	1.00E-10
20170915	5.31	2.88E-06	7.77E-06	1.00E-10	1.00E-07	1.00E-10	1.00E-10	1.00E-10
20170916	5.31	2.88E-06	7.77E-06	1.00E-10	1.00E-07	1.00E-10	1.00E-10	1.00E-10
20170917	5.31	2.88E-06	7.77E-06	1.00E-10	1.00E-07	1.00E-10	1.00E-10	1.00E-10
20170918	5.31	2.88E-06	7.77E-06	1.00E-10	1.00E-07	1.00E-10	1.00E-10	1.00E-10
20170919	5.31	2.88E-06	7.77E-06	1.00E-10	1.00E-07	1.00E-10	1.00E-10	1.00E-10
20170920	5.31	2.88E-06	7.77E-06	1.00E-10	1.00E-07	1.00E-10	1.00E-10	1.00E-10
20170921	5.31	2.88E-06	7.77E-06	1.00E-10	1.00E-07	1.00E-10	1.00E-10	1.00E-10
20170922	5.31	2.88E-06	7.77E-06	1.00E-10	1.00E-07	1.00E-10	1.00E-10	1.00E-10
20170923	5.31	2.88E-06	7.77E-06	1.00E-10	1.00E-07	1.00E-10	1.00E-10	1.00E-10
20170924	5.31	2.88E-06	7.77E-06	1.00E-10	1.00E-07	1.00E-10	1.00E-10	1.00E-10
20170925	5.31	2.88E-06	7.77E-06	1.00E-10	1.00E-07	1.00E-10	1.00E-10	1.00E-10
20170926	5.31	2.88E-06	7.77E-06	1.00E-10	1.00E-07	1.00E-10	1.00E-10	1.00E-10
20170927	5.31	2.88E-06	7.77E-06	1.00E-10	1.00E-07	1.00E-10	1.00E-10	1.00E-10
20170928	5.31	2.88E-06	7.77E-06	1.00E-10	1.00E-07	1.00E-10	1.00E-10	1.00E-10
20170929	5.31	2.88E-06	7.77E-06	1.00E-10	1.00E-07	1.00E-10	1.00E-10	1.00E-10
20170930	5.31	2.88E-06	7.77E-06	1.00E-10	1.00E-07	1.00E-10	1.00E-10	1.00E-10